[1333674, 0]	[0, 666226]	[0, 667221]	[0, 665927]	[0, 666808]
[1332525, 0]	[655461, 10729]	[657262, 10888]	[656365, 10825]	[656159, 10724]
[1333890, 0]	[665785, 1]	[667268, 1]	[666794, 1]	[666468, 1]
[1333890, 0]	[665785, 1]	[667268, 1]	[666794, 1]	[666468, 1]
[1333890, 0]	[665785, 1]	[667268, 1]	[666794, 1]	[666468, 1]
[1333890, 0]	[665785, 1]	[667268, 1]	[666794, 1]	[666468, 1]
[1333890, 0]	[665785, 1]	[667268, 1]	[666794, 1]	[666468, 1]
[1333890, 0]	[665785, 1]	[667268, 1]	[666794, 1]	[666468, 1]
[1333890, 0]	[665785, 1]	[667268, 1]	[666794, 1]	[666468, 1]
[1333890, 0]	[665785, 1]	[667268, 1]	[666794, 1]	[666468, 1]
[1333890, 0]	[665785, 1]	[667268, 1]	[666794, 1]	[666468, 1]
[1333890, 0]	[665785, 1]	[667268, 1]	[666794, 1]	[666468, 1]
[1333890, 0]	[665785, 1]	[667268, 1]	[666794, 1]	[666468, 1]
[1333890, 0]	[665785, 1]	[667268, 1]	[666794, 1]	[666468, 1]
[1333890, 0]	[665785, 1]	[667268, 1]	[666794, 1]	[666468, 1]
[1333890, 0]	[665785, 1]	[667268, 1]	[666794, 1]	[666468, 1]
[1333890, 0]	[665785, 1]	[667268, 1]	[666794, 1]	[666468, 1]
[1333890, 0]	[665785, 1]	[667268, 1]	[666794, 1]	[666468, 1]
[1333890, 0]	[665785, 1]	[667268, 1]	[666794, 1]	[666468, 1]
[1333890, 0]	[665785, 1]	[667268, 1]	[666794, 1]	[666468, 1]
[1333890, 0]	[665785, 1]	[667268, 1]	[666794, 1]	[666468, 1]

=======================
2017-11-06 17:32:48
Macro cell arrival rate: 2.0
Macro cell idle power: 0.7 * busy power
Small cell arrival rate: 1.0
Small cell setup time  : 0.05
Small cell idle timer  : 0.0

----------------------
Macro_Small	Macro_Small	Macro_Small	Macro_Small	Macro_Small
[1331836, 0]	[0, 665235]	[0, 666652]	[0, 666249]	[0, 666934]
[1331542, 0]	[1190, 665559]	[1194, 666006]	[1196, 666422]	[1224, 666285]
[1331517, 0]	[0, 666214]	[0, 667343]	[0, 666107]	[0, 667352]
[1331517, 0]	[0, 666214]	[0, 667343]	[0, 666107]	[0, 667352]
[1331517, 0]	[0, 666214]	[0, 667343]	[0, 666107]	[0, 667352]
[1331517, 0]	[0, 666214]	[0, 667343]	[0, 666107]	[0, 667352]
[1331517, 0]	[0, 666214]	[0, 667343]	[0, 666107]	[0, 667352]
[1331517, 0]	[0, 666214]	[0, 667343]	[0, 666107]	[0, 667352]
[1331517, 0]	[0, 666214]	[0, 667343]	[0, 666107]	[0, 667352]
[1331517, 0]	[0, 666214]	[0, 667343]	[0, 666107]	[0, 667352]
[1331517, 0]	[0, 666214]	[0, 667343]	[0, 666107]	[0, 667352]
[1331517, 0]	[0, 666214]	[0, 667343]	[0, 666107]	[0, 667352]
[1331517, 0]	[0, 666214]	[0, 667343]	[0, 666107]	[0, 667352]
[1331517, 0]	[0, 666214]	[0, 667343]	[0, 666107]	[0, 667352]
[1331517, 0]	[0, 666214]	[0, 667343]	[0, 666107]	[0, 667352]
[1331517, 0]	[0, 666214]	[0, 667343]	[0, 666107]	[0, 667352]
[1331517, 0]	[0, 666214]	[0, 667343]	[0, 666107]	[0, 667352]
[1331517, 0]	[0, 666214]	[0, 667343]	[0, 666107]	[0, 667352]
[1331517, 0]	[0, 666214]	[0, 667343]	[0, 666107]	[0, 667352]
[1331517, 0]	[0, 666214]	[0, 667343]	[0, 666107]	[0, 667352]
[1331517, 0]	[0, 666214]	[0, 667343]	[0, 666107]	[0, 667352]
