[307174, 0]	[35422, 887184]	[35815, 887969]	[36003, 887886]	[35992, 887832]
[307539, 0]	[232921, 690246]	[233358, 690140]	[232868, 690218]	[232274, 691064]
[306449, 0]	[0, 922858]	[0, 923230]	[0, 922592]	[0, 922087]
[306449, 0]	[0, 922858]	[0, 923230]	[0, 922592]	[0, 922087]
[306449, 0]	[0, 922858]	[0, 923230]	[0, 922592]	[0, 922087]
[306449, 0]	[0, 922858]	[0, 923230]	[0, 922592]	[0, 922087]
[306449, 0]	[0, 922858]	[0, 923230]	[0, 922592]	[0, 922087]
[306449, 0]	[0, 922858]	[0, 923230]	[0, 922592]	[0, 922087]
[306449, 0]	[0, 922858]	[0, 923230]	[0, 922592]	[0, 922087]
[306449, 0]	[0, 922858]	[0, 923230]	[0, 922592]	[0, 922087]
[306449, 0]	[0, 922858]	[0, 923230]	[0, 922592]	[0, 922087]
[306449, 0]	[0, 922858]	[0, 923230]	[0, 922592]	[0, 922087]
[306449, 0]	[0, 922858]	[0, 923230]	[0, 922592]	[0, 922087]
[306449, 0]	[0, 922858]	[0, 923230]	[0, 922592]	[0, 922087]
[306449, 0]	[0, 922858]	[0, 923230]	[0, 922592]	[0, 922087]
[306449, 0]	[0, 922858]	[0, 923230]	[0, 922592]	[0, 922087]
[306449, 0]	[0, 922858]	[0, 923230]	[0, 922592]	[0, 922087]
[306449, 0]	[0, 922858]	[0, 923230]	[0, 922592]	[0, 922087]
[306449, 0]	[0, 922858]	[0, 923230]	[0, 922592]	[0, 922087]
[306449, 0]	[0, 922858]	[0, 923230]	[0, 922592]	[0, 922087]
[306449, 0]	[0, 922858]	[0, 923230]	[0, 922592]	[0, 922087]

=======================
2017-11-06 17:32:18
Macro cell arrival rate: 2.0
Macro cell idle power: 1.0 * busy power
Small cell arrival rate: 6.0
Small cell setup time  : 0.05
Small cell idle timer  : 0.67

----------------------
Macro_Small	Macro_Small	Macro_Small	Macro_Small	Macro_Small
[307235, 0]	[35808, 887567]	[36049, 887390]	[35925, 885834]	[35513, 887317]
[307939, 0]	[15520, 906887]	[15139, 909339]	[15519, 909087]	[15724, 907199]
[307837, 0]	[0, 924661]	[0, 924408]	[0, 922682]	[0, 923895]
[307837, 0]	[0, 924661]	[0, 924408]	[0, 922682]	[0, 923895]
[307837, 0]	[0, 924661]	[0, 924408]	[0, 922682]	[0, 923895]
[307837, 0]	[0, 924661]	[0, 924408]	[0, 922682]	[0, 923895]
[307837, 0]	[0, 924661]	[0, 924408]	[0, 922682]	[0, 923895]
[307837, 0]	[0, 924661]	[0, 924408]	[0, 922682]	[0, 923895]
[307837, 0]	[0, 924661]	[0, 924408]	[0, 922682]	[0, 923895]
[307837, 0]	[0, 924661]	[0, 924408]	[0, 922682]	[0, 923895]
[307837, 0]	[0, 924661]	[0, 924408]	[0, 922682]	[0, 923895]
[307837, 0]	[0, 924661]	[0, 924408]	[0, 922682]	[0, 923895]
[307837, 0]	[0, 924661]	[0, 924408]	[0, 922682]	[0, 923895]
[307837, 0]	[0, 924661]	[0, 924408]	[0, 922682]	[0, 923895]
[307837, 0]	[0, 924661]	[0, 924408]	[0, 922682]	[0, 923895]
[307837, 0]	[0, 924661]	[0, 924408]	[0, 922682]	[0, 923895]
[307837, 0]	[0, 924661]	[0, 924408]	[0, 922682]	[0, 923895]
[307837, 0]	[0, 924661]	[0, 924408]	[0, 922682]	[0, 923895]
[307837, 0]	[0, 924661]	[0, 924408]	[0, 922682]	[0, 923895]
[307837, 0]	[0, 924661]	[0, 924408]	[0, 922682]	[0, 923895]
[307837, 0]	[0, 924661]	[0, 924408]	[0, 922682]	[0, 923895]
