[308919, 0]	[35552, 886233]	[35463, 887118]	[35941, 886259]	[35617, 887684]
[307841, 0]	[247568, 675075]	[249705, 674459]	[246701, 676198]	[247005, 675933]
[307014, 0]	[234016, 688850]	[232941, 689481]	[233593, 689570]	[235002, 690661]
[307338, 0]	[6926, 914814]	[7155, 916669]	[7188, 915336]	[6848, 916858]
[307872, 0]	[176526, 746404]	[178150, 744867]	[178184, 746494]	[177417, 746373]
[308086, 0]	[27991, 895500]	[27938, 895137]	[28949, 894912]	[28129, 893555]
[307218, 0]	[98639, 825240]	[98315, 824956]	[99463, 823820]	[98334, 825024]
[307599, 0]	[67485, 856720]	[66468, 855722]	[66706, 856941]	[65828, 857976]
[308144, 0]	[86049, 837516]	[86737, 836887]	[86897, 836438]	[85531, 837719]
[308006, 0]	[77075, 845488]	[75684, 847151]	[76146, 847012]	[76250, 846922]
[306689, 0]	[76593, 845954]	[75697, 848220]	[75963, 846707]	[76557, 846796]
[307549, 0]	[75908, 847189]	[75422, 848747]	[77073, 847027]	[77630, 846950]
[307549, 0]	[75908, 847189]	[75422, 848747]	[77073, 847027]	[77630, 846950]
[307549, 0]	[75908, 847189]	[75422, 848747]	[77073, 847027]	[77630, 846950]
[308078, 0]	[76674, 847055]	[77169, 845693]	[76283, 844529]	[77614, 845192]
[307968, 0]	[75773, 847895]	[75978, 847791]	[75820, 847893]	[76485, 845407]
[308599, 0]	[83017, 840877]	[83437, 840052]	[83993, 839464]	[83580, 840624]
[307242, 0]	[76708, 847233]	[76099, 848039]	[75645, 848064]	[76038, 845866]
[307968, 0]	[75773, 847895]	[75978, 847791]	[75820, 847893]	[76485, 845407]
[307968, 0]	[75773, 847895]	[75978, 847791]	[75820, 847893]	[76485, 845407]
[308599, 0]	[83017, 840877]	[83437, 840052]	[83993, 839464]	[83580, 840624]

=======================
2017-11-06 17:35:08
Macro cell arrival rate: 2.0
Macro cell idle power: 0.7 * busy power
Small cell arrival rate: 6.0
Small cell setup time  : 0.05
Small cell idle timer  : 0.0

----------------------
Macro_Small	Macro_Small	Macro_Small	Macro_Small	Macro_Small
[307800, 0]	[35617, 887485]	[35721, 887681]	[35746, 887969]	[35979, 885279]
[307465, 0]	[34701, 888018]	[34577, 888483]	[34496, 890167]	[34681, 887501]
[308429, 0]	[0, 923433]	[0, 921879]	[0, 922590]	[0, 923987]
[308429, 0]	[0, 923433]	[0, 921879]	[0, 922590]	[0, 923987]
[308429, 0]	[0, 923433]	[0, 921879]	[0, 922590]	[0, 923987]
[308429, 0]	[0, 923433]	[0, 921879]	[0, 922590]	[0, 923987]
[308429, 0]	[0, 923433]	[0, 921879]	[0, 922590]	[0, 923987]
[308429, 0]	[0, 923433]	[0, 921879]	[0, 922590]	[0, 923987]
[308429, 0]	[0, 923433]	[0, 921879]	[0, 922590]	[0, 923987]
[308429, 0]	[0, 923433]	[0, 921879]	[0, 922590]	[0, 923987]
[308429, 0]	[0, 923433]	[0, 921879]	[0, 922590]	[0, 923987]
[308429, 0]	[0, 923433]	[0, 921879]	[0, 922590]	[0, 923987]
[308429, 0]	[0, 923433]	[0, 921879]	[0, 922590]	[0, 923987]
[308429, 0]	[0, 923433]	[0, 921879]	[0, 922590]	[0, 923987]
[308429, 0]	[0, 923433]	[0, 921879]	[0, 922590]	[0, 923987]
[308429, 0]	[0, 923433]	[0, 921879]	[0, 922590]	[0, 923987]
[308429, 0]	[0, 923433]	[0, 921879]	[0, 922590]	[0, 923987]
[308429, 0]	[0, 923433]	[0, 921879]	[0, 922590]	[0, 923987]
[308429, 0]	[0, 923433]	[0, 921879]	[0, 922590]	[0, 923987]
[308429, 0]	[0, 923433]	[0, 921879]	[0, 922590]	[0, 923987]
[308429, 0]	[0, 923433]	[0, 921879]	[0, 922590]	[0, 923987]
