[306617, 0]	[35382, 888211]	[35805, 887935]	[35960, 886697]	[35585, 888250]
[306806, 0]	[12001, 910473]	[11912, 910851]	[11700, 911173]	[12445, 909924]
[306887, 0]	[0, 922665]	[0, 921669]	[0, 923147]	[0, 922616]
[306887, 0]	[0, 922665]	[0, 921669]	[0, 923147]	[0, 922616]
[306887, 0]	[0, 922665]	[0, 921669]	[0, 923147]	[0, 922616]
[306887, 0]	[0, 922665]	[0, 921669]	[0, 923147]	[0, 922616]
[306887, 0]	[0, 922665]	[0, 921669]	[0, 923147]	[0, 922616]
[306887, 0]	[0, 922665]	[0, 921669]	[0, 923147]	[0, 922616]
[306887, 0]	[0, 922665]	[0, 921669]	[0, 923147]	[0, 922616]
[306887, 0]	[0, 922665]	[0, 921669]	[0, 923147]	[0, 922616]
[306887, 0]	[0, 922665]	[0, 921669]	[0, 923147]	[0, 922616]
[306887, 0]	[0, 922665]	[0, 921669]	[0, 923147]	[0, 922616]
[306887, 0]	[0, 922665]	[0, 921669]	[0, 923147]	[0, 922616]
[306887, 0]	[0, 922665]	[0, 921669]	[0, 923147]	[0, 922616]
[306887, 0]	[0, 922665]	[0, 921669]	[0, 923147]	[0, 922616]
[306887, 0]	[0, 922665]	[0, 921669]	[0, 923147]	[0, 922616]
[306887, 0]	[0, 922665]	[0, 921669]	[0, 923147]	[0, 922616]
[306887, 0]	[0, 922665]	[0, 921669]	[0, 923147]	[0, 922616]
[306887, 0]	[0, 922665]	[0, 921669]	[0, 923147]	[0, 922616]
[306887, 0]	[0, 922665]	[0, 921669]	[0, 923147]	[0, 922616]
[306887, 0]	[0, 922665]	[0, 921669]	[0, 923147]	[0, 922616]

=======================
2017-11-06 17:34:36
Macro cell arrival rate: 2.0
Macro cell idle power: 0.7 * busy power
Small cell arrival rate: 6.0
Small cell setup time  : 0.05
Small cell idle timer  : 170.67

----------------------
Macro_Small	Macro_Small	Macro_Small	Macro_Small	Macro_Small
[307904, 0]	[35729, 885480]	[36144, 888735]	[35827, 886167]	[35624, 888309]
[307845, 0]	[8287, 913675]	[8556, 913844]	[8495, 915029]	[8106, 913693]
[307836, 0]	[0, 922627]	[0, 923528]	[0, 922950]	[0, 923907]
[307836, 0]	[0, 922627]	[0, 923528]	[0, 922950]	[0, 923907]
[307836, 0]	[0, 922627]	[0, 923528]	[0, 922950]	[0, 923907]
[307836, 0]	[0, 922627]	[0, 923528]	[0, 922950]	[0, 923907]
[307836, 0]	[0, 922627]	[0, 923528]	[0, 922950]	[0, 923907]
[307836, 0]	[0, 922627]	[0, 923528]	[0, 922950]	[0, 923907]
[307836, 0]	[0, 922627]	[0, 923528]	[0, 922950]	[0, 923907]
[307836, 0]	[0, 922627]	[0, 923528]	[0, 922950]	[0, 923907]
[307836, 0]	[0, 922627]	[0, 923528]	[0, 922950]	[0, 923907]
[307836, 0]	[0, 922627]	[0, 923528]	[0, 922950]	[0, 923907]
[307836, 0]	[0, 922627]	[0, 923528]	[0, 922950]	[0, 923907]
[307836, 0]	[0, 922627]	[0, 923528]	[0, 922950]	[0, 923907]
[307836, 0]	[0, 922627]	[0, 923528]	[0, 922950]	[0, 923907]
[307836, 0]	[0, 922627]	[0, 923528]	[0, 922950]	[0, 923907]
[307836, 0]	[0, 922627]	[0, 923528]	[0, 922950]	[0, 923907]
[307836, 0]	[0, 922627]	[0, 923528]	[0, 922950]	[0, 923907]
[307836, 0]	[0, 922627]	[0, 923528]	[0, 922950]	[0, 923907]
[307836, 0]	[0, 922627]	[0, 923528]	[0, 922950]	[0, 923907]
[307836, 0]	[0, 922627]	[0, 923528]	[0, 922950]	[0, 923907]
