[307505, 0]	[35806, 888945]	[35573, 885486]	[35722, 886882]	[35752, 888693]
[307276, 0]	[15272, 907040]	[15323, 907186]	[15635, 907535]	[14973, 909315]
[306566, 0]	[0, 921848]	[0, 923689]	[0, 925116]	[0, 922751]
[306566, 0]	[0, 921848]	[0, 923689]	[0, 925116]	[0, 922751]
[306566, 0]	[0, 921848]	[0, 923689]	[0, 925116]	[0, 922751]
[306566, 0]	[0, 921848]	[0, 923689]	[0, 925116]	[0, 922751]
[306566, 0]	[0, 921848]	[0, 923689]	[0, 925116]	[0, 922751]
[306566, 0]	[0, 921848]	[0, 923689]	[0, 925116]	[0, 922751]
[306566, 0]	[0, 921848]	[0, 923689]	[0, 925116]	[0, 922751]
[306566, 0]	[0, 921848]	[0, 923689]	[0, 925116]	[0, 922751]
[306566, 0]	[0, 921848]	[0, 923689]	[0, 925116]	[0, 922751]
[306566, 0]	[0, 921848]	[0, 923689]	[0, 925116]	[0, 922751]
[306566, 0]	[0, 921848]	[0, 923689]	[0, 925116]	[0, 922751]
[306566, 0]	[0, 921848]	[0, 923689]	[0, 925116]	[0, 922751]
[306566, 0]	[0, 921848]	[0, 923689]	[0, 925116]	[0, 922751]
[306566, 0]	[0, 921848]	[0, 923689]	[0, 925116]	[0, 922751]
[306566, 0]	[0, 921848]	[0, 923689]	[0, 925116]	[0, 922751]
[306566, 0]	[0, 921848]	[0, 923689]	[0, 925116]	[0, 922751]
[306566, 0]	[0, 921848]	[0, 923689]	[0, 925116]	[0, 922751]
[306566, 0]	[0, 921848]	[0, 923689]	[0, 925116]	[0, 922751]
[306566, 0]	[0, 921848]	[0, 923689]	[0, 925116]	[0, 922751]

=======================
2017-11-06 17:32:19
Macro cell arrival rate: 2.0
Macro cell idle power: 1.0 * busy power
Small cell arrival rate: 6.0
Small cell setup time  : 0.05
Small cell idle timer  : 85.33

----------------------
Macro_Small	Macro_Small	Macro_Small	Macro_Small	Macro_Small
[307902, 0]	[35466, 889375]	[35923, 887576]	[35930, 887379]	[35671, 887352]
[308206, 0]	[8248, 913078]	[8474, 914035]	[8605, 915364]	[8451, 915123]
[307282, 0]	[0, 924218]	[0, 923215]	[0, 923651]	[0, 921703]
[307282, 0]	[0, 924218]	[0, 923215]	[0, 923651]	[0, 921703]
[307282, 0]	[0, 924218]	[0, 923215]	[0, 923651]	[0, 921703]
[307282, 0]	[0, 924218]	[0, 923215]	[0, 923651]	[0, 921703]
[307282, 0]	[0, 924218]	[0, 923215]	[0, 923651]	[0, 921703]
[307282, 0]	[0, 924218]	[0, 923215]	[0, 923651]	[0, 921703]
[307282, 0]	[0, 924218]	[0, 923215]	[0, 923651]	[0, 921703]
[307282, 0]	[0, 924218]	[0, 923215]	[0, 923651]	[0, 921703]
[307282, 0]	[0, 924218]	[0, 923215]	[0, 923651]	[0, 921703]
[307282, 0]	[0, 924218]	[0, 923215]	[0, 923651]	[0, 921703]
[307282, 0]	[0, 924218]	[0, 923215]	[0, 923651]	[0, 921703]
[307282, 0]	[0, 924218]	[0, 923215]	[0, 923651]	[0, 921703]
[307282, 0]	[0, 924218]	[0, 923215]	[0, 923651]	[0, 921703]
[307282, 0]	[0, 924218]	[0, 923215]	[0, 923651]	[0, 921703]
[307282, 0]	[0, 924218]	[0, 923215]	[0, 923651]	[0, 921703]
[307282, 0]	[0, 924218]	[0, 923215]	[0, 923651]	[0, 921703]
[307282, 0]	[0, 924218]	[0, 923215]	[0, 923651]	[0, 921703]
[307282, 0]	[0, 924218]	[0, 923215]	[0, 923651]	[0, 921703]
[307282, 0]	[0, 924218]	[0, 923215]	[0, 923651]	[0, 921703]
