[211129, 0]	[49282, 898577]	[49248, 899437]	[48997, 898386]	[49438, 897835]
[211022, 0]	[30592, 916464]	[29501, 919323]	[30712, 916291]	[29876, 916328]
[211350, 0]	[0, 946092]	[0, 946719]	[0, 947379]	[0, 946352]
[211350, 0]	[0, 946092]	[0, 946719]	[0, 947379]	[0, 946352]
[211350, 0]	[0, 946092]	[0, 946719]	[0, 947379]	[0, 946352]
[211350, 0]	[0, 946092]	[0, 946719]	[0, 947379]	[0, 946352]
[211350, 0]	[0, 946092]	[0, 946719]	[0, 947379]	[0, 946352]
[211350, 0]	[0, 946092]	[0, 946719]	[0, 947379]	[0, 946352]
[211350, 0]	[0, 946092]	[0, 946719]	[0, 947379]	[0, 946352]
[211350, 0]	[0, 946092]	[0, 946719]	[0, 947379]	[0, 946352]
[211350, 0]	[0, 946092]	[0, 946719]	[0, 947379]	[0, 946352]
[211350, 0]	[0, 946092]	[0, 946719]	[0, 947379]	[0, 946352]
[211350, 0]	[0, 946092]	[0, 946719]	[0, 947379]	[0, 946352]
[211350, 0]	[0, 946092]	[0, 946719]	[0, 947379]	[0, 946352]
[211350, 0]	[0, 946092]	[0, 946719]	[0, 947379]	[0, 946352]
[211350, 0]	[0, 946092]	[0, 946719]	[0, 947379]	[0, 946352]
[211350, 0]	[0, 946092]	[0, 946719]	[0, 947379]	[0, 946352]
[211350, 0]	[0, 946092]	[0, 946719]	[0, 947379]	[0, 946352]
[211350, 0]	[0, 946092]	[0, 946719]	[0, 947379]	[0, 946352]
[211350, 0]	[0, 946092]	[0, 946719]	[0, 947379]	[0, 946352]
[211350, 0]	[0, 946092]	[0, 946719]	[0, 947379]	[0, 946352]

=======================
2017-11-06 17:34:01
Macro cell arrival rate: 2.0
Macro cell idle power: 0.7 * busy power
Small cell arrival rate: 9.0
Small cell setup time  : 0.05
Small cell idle timer  : 56.89

----------------------
Macro_Small	Macro_Small	Macro_Small	Macro_Small	Macro_Small
[211242, 0]	[49224, 897199]	[49099, 899108]	[49068, 896852]	[49078, 897517]
[209934, 0]	[23274, 923558]	[23401, 923485]	[23338, 924969]	[23173, 923284]
[210500, 0]	[0, 946914]	[0, 946966]	[0, 947652]	[0, 947379]
[210500, 0]	[0, 946914]	[0, 946966]	[0, 947652]	[0, 947379]
[210500, 0]	[0, 946914]	[0, 946966]	[0, 947652]	[0, 947379]
[210500, 0]	[0, 946914]	[0, 946966]	[0, 947652]	[0, 947379]
[210500, 0]	[0, 946914]	[0, 946966]	[0, 947652]	[0, 947379]
[210500, 0]	[0, 946914]	[0, 946966]	[0, 947652]	[0, 947379]
[210500, 0]	[0, 946914]	[0, 946966]	[0, 947652]	[0, 947379]
[210500, 0]	[0, 946914]	[0, 946966]	[0, 947652]	[0, 947379]
[210500, 0]	[0, 946914]	[0, 946966]	[0, 947652]	[0, 947379]
[210500, 0]	[0, 946914]	[0, 946966]	[0, 947652]	[0, 947379]
[210500, 0]	[0, 946914]	[0, 946966]	[0, 947652]	[0, 947379]
[210500, 0]	[0, 946914]	[0, 946966]	[0, 947652]	[0, 947379]
[210500, 0]	[0, 946914]	[0, 946966]	[0, 947652]	[0, 947379]
[210500, 0]	[0, 946914]	[0, 946966]	[0, 947652]	[0, 947379]
[210500, 0]	[0, 946914]	[0, 946966]	[0, 947652]	[0, 947379]
[210500, 0]	[0, 946914]	[0, 946966]	[0, 947652]	[0, 947379]
[210500, 0]	[0, 946914]	[0, 946966]	[0, 947652]	[0, 947379]
[210500, 0]	[0, 946914]	[0, 946966]	[0, 947652]	[0, 947379]
[210500, 0]	[0, 946914]	[0, 946966]	[0, 947652]	[0, 947379]
