[443400, 0]	[16808, 874291]	[16845, 872926]	[16790, 871288]	[16891, 871982]
[445062, 0]	[369727, 519581]	[370606, 517855]	[369164, 519800]	[368641, 519828]
[445307, 0]	[0, 888722]	[0, 889098]	[0, 885862]	[0, 890515]
[445307, 0]	[0, 888722]	[0, 889098]	[0, 885862]	[0, 890515]
[445307, 0]	[0, 888722]	[0, 889098]	[0, 885862]	[0, 890515]
[445307, 0]	[0, 888722]	[0, 889098]	[0, 885862]	[0, 890515]
[445307, 0]	[0, 888722]	[0, 889098]	[0, 885862]	[0, 890515]
[445307, 0]	[0, 888722]	[0, 889098]	[0, 885862]	[0, 890515]
[445307, 0]	[0, 888722]	[0, 889098]	[0, 885862]	[0, 890515]
[445307, 0]	[0, 888722]	[0, 889098]	[0, 885862]	[0, 890515]
[445307, 0]	[0, 888722]	[0, 889098]	[0, 885862]	[0, 890515]
[445307, 0]	[0, 888722]	[0, 889098]	[0, 885862]	[0, 890515]
[445307, 0]	[0, 888722]	[0, 889098]	[0, 885862]	[0, 890515]
[445307, 0]	[0, 888722]	[0, 889098]	[0, 885862]	[0, 890515]
[445307, 0]	[0, 888722]	[0, 889098]	[0, 885862]	[0, 890515]
[445307, 0]	[0, 888722]	[0, 889098]	[0, 885862]	[0, 890515]
[445307, 0]	[0, 888722]	[0, 889098]	[0, 885862]	[0, 890515]
[445307, 0]	[0, 888722]	[0, 889098]	[0, 885862]	[0, 890515]
[445307, 0]	[0, 888722]	[0, 889098]	[0, 885862]	[0, 890515]
[445307, 0]	[0, 888722]	[0, 889098]	[0, 885862]	[0, 890515]
[445307, 0]	[0, 888722]	[0, 889098]	[0, 885862]	[0, 890515]

=======================
2017-11-06 17:33:00
Macro cell arrival rate: 2.0
Macro cell idle power: 0.7 * busy power
Small cell arrival rate: 4.0
Small cell setup time  : 0.05
Small cell idle timer  : 0.25

----------------------
Macro_Small	Macro_Small	Macro_Small	Macro_Small	Macro_Small
[444472, 0]	[16686, 872526]	[16919, 871986]	[17073, 872377]	[16837, 871446]
[444818, 0]	[12049, 878493]	[11826, 876639]	[11691, 877612]	[11721, 876905]
[444111, 0]	[0, 888621]	[0, 888582]	[0, 888967]	[0, 888185]
[444111, 0]	[0, 888621]	[0, 888582]	[0, 888967]	[0, 888185]
[444111, 0]	[0, 888621]	[0, 888582]	[0, 888967]	[0, 888185]
[444111, 0]	[0, 888621]	[0, 888582]	[0, 888967]	[0, 888185]
[444111, 0]	[0, 888621]	[0, 888582]	[0, 888967]	[0, 888185]
[444111, 0]	[0, 888621]	[0, 888582]	[0, 888967]	[0, 888185]
[444111, 0]	[0, 888621]	[0, 888582]	[0, 888967]	[0, 888185]
[444111, 0]	[0, 888621]	[0, 888582]	[0, 888967]	[0, 888185]
[444111, 0]	[0, 888621]	[0, 888582]	[0, 888967]	[0, 888185]
[444111, 0]	[0, 888621]	[0, 888582]	[0, 888967]	[0, 888185]
[444111, 0]	[0, 888621]	[0, 888582]	[0, 888967]	[0, 888185]
[444111, 0]	[0, 888621]	[0, 888582]	[0, 888967]	[0, 888185]
[444111, 0]	[0, 888621]	[0, 888582]	[0, 888967]	[0, 888185]
[444111, 0]	[0, 888621]	[0, 888582]	[0, 888967]	[0, 888185]
[444111, 0]	[0, 888621]	[0, 888582]	[0, 888967]	[0, 888185]
[444111, 0]	[0, 888621]	[0, 888582]	[0, 888967]	[0, 888185]
[444111, 0]	[0, 888621]	[0, 888582]	[0, 888967]	[0, 888185]
[444111, 0]	[0, 888621]	[0, 888582]	[0, 888967]	[0, 888185]
[444111, 0]	[0, 888621]	[0, 888582]	[0, 888967]	[0, 888185]
