[1335087, 0]	[0, 666231]	[0, 667626]	[0, 666025]	[0, 666530]
[1335193, 0]	[272309, 393970]	[271769, 396054]	[272256, 394279]	[272869, 393314]
[1332274, 0]	[665750, 3]	[667259, 3]	[667110, 2]	[666020, 2]
[1332274, 0]	[665750, 3]	[667259, 3]	[667110, 2]	[666020, 2]
[1332274, 0]	[665750, 3]	[667259, 3]	[667110, 2]	[666020, 2]
[1332274, 0]	[665750, 3]	[667259, 3]	[667110, 2]	[666020, 2]
[1332274, 0]	[665750, 3]	[667259, 3]	[667110, 2]	[666020, 2]
[1332274, 0]	[665750, 3]	[667259, 3]	[667110, 2]	[666020, 2]
[1332274, 0]	[665750, 3]	[667259, 3]	[667110, 2]	[666020, 2]
[1332274, 0]	[665750, 3]	[667259, 3]	[667110, 2]	[666020, 2]
[1332274, 0]	[665750, 3]	[667259, 3]	[667110, 2]	[666020, 2]
[1332274, 0]	[665750, 3]	[667259, 3]	[667110, 2]	[666020, 2]
[1332274, 0]	[665750, 3]	[667259, 3]	[667110, 2]	[666020, 2]
[1332274, 0]	[665750, 3]	[667259, 3]	[667110, 2]	[666020, 2]
[1332274, 0]	[665750, 3]	[667259, 3]	[667110, 2]	[666020, 2]
[1332274, 0]	[665750, 3]	[667259, 3]	[667110, 2]	[666020, 2]
[1332274, 0]	[665750, 3]	[667259, 3]	[667110, 2]	[666020, 2]
[1332274, 0]	[665750, 3]	[667259, 3]	[667110, 2]	[666020, 2]
[1332274, 0]	[665750, 3]	[667259, 3]	[667110, 2]	[666020, 2]
[1332274, 0]	[665750, 3]	[667259, 3]	[667110, 2]	[666020, 2]
[1332274, 0]	[665750, 3]	[667259, 3]	[667110, 2]	[666020, 2]

=======================
2017-11-06 17:31:14
Macro cell arrival rate: 2.0
Macro cell idle power: 1.0 * busy power
Small cell arrival rate: 1.0
Small cell setup time  : 0.05
Small cell idle timer  : 4.0

----------------------
Macro_Small	Macro_Small	Macro_Small	Macro_Small	Macro_Small
[1334028, 0]	[0, 666696]	[0, 668004]	[0, 665842]	[0, 667975]
[1333896, 0]	[266, 665834]	[270, 666352]	[269, 666133]	[292, 666422]
[1334766, 0]	[0, 667318]	[0, 665605]	[0, 666332]	[0, 667021]
[1334766, 0]	[0, 667318]	[0, 665605]	[0, 666332]	[0, 667021]
[1334766, 0]	[0, 667318]	[0, 665605]	[0, 666332]	[0, 667021]
[1334766, 0]	[0, 667318]	[0, 665605]	[0, 666332]	[0, 667021]
[1334766, 0]	[0, 667318]	[0, 665605]	[0, 666332]	[0, 667021]
[1334766, 0]	[0, 667318]	[0, 665605]	[0, 666332]	[0, 667021]
[1334766, 0]	[0, 667318]	[0, 665605]	[0, 666332]	[0, 667021]
[1334766, 0]	[0, 667318]	[0, 665605]	[0, 666332]	[0, 667021]
[1334766, 0]	[0, 667318]	[0, 665605]	[0, 666332]	[0, 667021]
[1334766, 0]	[0, 667318]	[0, 665605]	[0, 666332]	[0, 667021]
[1334766, 0]	[0, 667318]	[0, 665605]	[0, 666332]	[0, 667021]
[1334766, 0]	[0, 667318]	[0, 665605]	[0, 666332]	[0, 667021]
[1334766, 0]	[0, 667318]	[0, 665605]	[0, 666332]	[0, 667021]
[1334766, 0]	[0, 667318]	[0, 665605]	[0, 666332]	[0, 667021]
[1334766, 0]	[0, 667318]	[0, 665605]	[0, 666332]	[0, 667021]
[1334766, 0]	[0, 667318]	[0, 665605]	[0, 666332]	[0, 667021]
[1334766, 0]	[0, 667318]	[0, 665605]	[0, 666332]	[0, 667021]
[1334766, 0]	[0, 667318]	[0, 665605]	[0, 666332]	[0, 667021]
[1334766, 0]	[0, 667318]	[0, 665605]	[0, 666332]	[0, 667021]
