[307505, 0]	[35806, 888945]	[35573, 885486]	[35722, 886882]	[35752, 888693]
[308095, 0]	[15271, 907137]	[15657, 906648]	[15185, 907763]	[15458, 910125]
[307263, 0]	[0, 923524]	[0, 923274]	[0, 924518]	[0, 923996]
[307263, 0]	[0, 923524]	[0, 923274]	[0, 924518]	[0, 923996]
[307263, 0]	[0, 923524]	[0, 923274]	[0, 924518]	[0, 923996]
[307263, 0]	[0, 923524]	[0, 923274]	[0, 924518]	[0, 923996]
[307263, 0]	[0, 923524]	[0, 923274]	[0, 924518]	[0, 923996]
[307263, 0]	[0, 923524]	[0, 923274]	[0, 924518]	[0, 923996]
[307263, 0]	[0, 923524]	[0, 923274]	[0, 924518]	[0, 923996]
[307263, 0]	[0, 923524]	[0, 923274]	[0, 924518]	[0, 923996]
[307263, 0]	[0, 923524]	[0, 923274]	[0, 924518]	[0, 923996]
[307263, 0]	[0, 923524]	[0, 923274]	[0, 924518]	[0, 923996]
[307263, 0]	[0, 923524]	[0, 923274]	[0, 924518]	[0, 923996]
[307263, 0]	[0, 923524]	[0, 923274]	[0, 924518]	[0, 923996]
[307263, 0]	[0, 923524]	[0, 923274]	[0, 924518]	[0, 923996]
[307263, 0]	[0, 923524]	[0, 923274]	[0, 924518]	[0, 923996]
[307263, 0]	[0, 923524]	[0, 923274]	[0, 924518]	[0, 923996]
[307263, 0]	[0, 923524]	[0, 923274]	[0, 924518]	[0, 923996]
[307263, 0]	[0, 923524]	[0, 923274]	[0, 924518]	[0, 923996]
[307263, 0]	[0, 923524]	[0, 923274]	[0, 924518]	[0, 923996]
[307263, 0]	[0, 923524]	[0, 923274]	[0, 924518]	[0, 923996]

=======================
2017-11-06 17:34:30
Macro cell arrival rate: 2.0
Macro cell idle power: 0.7 * busy power
Small cell arrival rate: 6.0
Small cell setup time  : 0.05
Small cell idle timer  : 85.33

----------------------
Macro_Small	Macro_Small	Macro_Small	Macro_Small	Macro_Small
[307902, 0]	[35466, 889375]	[35923, 887576]	[35930, 887379]	[35671, 887352]
[308171, 0]	[8469, 914620]	[8526, 914255]	[8690, 916076]	[8608, 914694]
[308183, 0]	[0, 924894]	[0, 921771]	[0, 921987]	[0, 924622]
[308183, 0]	[0, 924894]	[0, 921771]	[0, 921987]	[0, 924622]
[308183, 0]	[0, 924894]	[0, 921771]	[0, 921987]	[0, 924622]
[308183, 0]	[0, 924894]	[0, 921771]	[0, 921987]	[0, 924622]
[308183, 0]	[0, 924894]	[0, 921771]	[0, 921987]	[0, 924622]
[308183, 0]	[0, 924894]	[0, 921771]	[0, 921987]	[0, 924622]
[308183, 0]	[0, 924894]	[0, 921771]	[0, 921987]	[0, 924622]
[308183, 0]	[0, 924894]	[0, 921771]	[0, 921987]	[0, 924622]
[308183, 0]	[0, 924894]	[0, 921771]	[0, 921987]	[0, 924622]
[308183, 0]	[0, 924894]	[0, 921771]	[0, 921987]	[0, 924622]
[308183, 0]	[0, 924894]	[0, 921771]	[0, 921987]	[0, 924622]
[308183, 0]	[0, 924894]	[0, 921771]	[0, 921987]	[0, 924622]
[308183, 0]	[0, 924894]	[0, 921771]	[0, 921987]	[0, 924622]
[308183, 0]	[0, 924894]	[0, 921771]	[0, 921987]	[0, 924622]
[308183, 0]	[0, 924894]	[0, 921771]	[0, 921987]	[0, 924622]
[308183, 0]	[0, 924894]	[0, 921771]	[0, 921987]	[0, 924622]
[308183, 0]	[0, 924894]	[0, 921771]	[0, 921987]	[0, 924622]
[308183, 0]	[0, 924894]	[0, 921771]	[0, 921987]	[0, 924622]
[308183, 0]	[0, 924894]	[0, 921771]	[0, 921987]	[0, 924622]
