[1333363, 0]	[0, 667625]	[0, 666281]	[0, 667124]	[0, 666081]
[1330512, 0]	[5031, 662836]	[4775, 661491]	[4786, 661555]	[4757, 660984]
[1331388, 0]	[666422, 6]	[666153, 75]	[667897, 53]	[666045, 63]
[1331388, 0]	[666422, 6]	[666153, 75]	[667897, 53]	[666045, 63]
[1331388, 0]	[666422, 6]	[666153, 75]	[667897, 53]	[666045, 63]
[1331388, 0]	[666422, 6]	[666153, 75]	[667897, 53]	[666045, 63]
[1331388, 0]	[666422, 6]	[666153, 75]	[667897, 53]	[666045, 63]
[1331388, 0]	[666422, 6]	[666153, 75]	[667897, 53]	[666045, 63]
[1331388, 0]	[666422, 6]	[666153, 75]	[667897, 53]	[666045, 63]
[1331388, 0]	[666422, 6]	[666153, 75]	[667897, 53]	[666045, 63]
[1331388, 0]	[666422, 6]	[666153, 75]	[667897, 53]	[666045, 63]
[1331388, 0]	[666422, 6]	[666153, 75]	[667897, 53]	[666045, 63]
[1331388, 0]	[666422, 6]	[666153, 75]	[667897, 53]	[666045, 63]
[1331388, 0]	[666422, 6]	[666153, 75]	[667897, 53]	[666045, 63]
[1331388, 0]	[666422, 6]	[666153, 75]	[667897, 53]	[666045, 63]
[1331388, 0]	[666422, 6]	[666153, 75]	[667897, 53]	[666045, 63]
[1331388, 0]	[666422, 6]	[666153, 75]	[667897, 53]	[666045, 63]
[1331388, 0]	[666422, 6]	[666153, 75]	[667897, 53]	[666045, 63]
[1331388, 0]	[666422, 6]	[666153, 75]	[667897, 53]	[666045, 63]
[1331388, 0]	[666422, 6]	[666153, 75]	[667897, 53]	[666045, 63]
[1331388, 0]	[666422, 6]	[666153, 75]	[667897, 53]	[666045, 63]

=======================
2017-11-06 17:32:46
Macro cell arrival rate: 2.0
Macro cell idle power: 0.7 * busy power
Small cell arrival rate: 1.0
Small cell setup time  : 0.05
Small cell idle timer  : 128.0

----------------------
Macro_Small	Macro_Small	Macro_Small	Macro_Small	Macro_Small
[1333111, 0]	[0, 667443]	[0, 666742]	[0, 665714]	[0, 666405]
[1334011, 0]	[44, 665472]	[35, 667023]	[29, 667025]	[40, 667508]
[1332152, 0]	[0, 666622]	[0, 667223]	[0, 667554]	[0, 666702]
[1332152, 0]	[0, 666622]	[0, 667223]	[0, 667554]	[0, 666702]
[1332152, 0]	[0, 666622]	[0, 667223]	[0, 667554]	[0, 666702]
[1332152, 0]	[0, 666622]	[0, 667223]	[0, 667554]	[0, 666702]
[1332152, 0]	[0, 666622]	[0, 667223]	[0, 667554]	[0, 666702]
[1332152, 0]	[0, 666622]	[0, 667223]	[0, 667554]	[0, 666702]
[1332152, 0]	[0, 666622]	[0, 667223]	[0, 667554]	[0, 666702]
[1332152, 0]	[0, 666622]	[0, 667223]	[0, 667554]	[0, 666702]
[1332152, 0]	[0, 666622]	[0, 667223]	[0, 667554]	[0, 666702]
[1332152, 0]	[0, 666622]	[0, 667223]	[0, 667554]	[0, 666702]
[1332152, 0]	[0, 666622]	[0, 667223]	[0, 667554]	[0, 666702]
[1332152, 0]	[0, 666622]	[0, 667223]	[0, 667554]	[0, 666702]
[1332152, 0]	[0, 666622]	[0, 667223]	[0, 667554]	[0, 666702]
[1332152, 0]	[0, 666622]	[0, 667223]	[0, 667554]	[0, 666702]
[1332152, 0]	[0, 666622]	[0, 667223]	[0, 667554]	[0, 666702]
[1332152, 0]	[0, 666622]	[0, 667223]	[0, 667554]	[0, 666702]
[1332152, 0]	[0, 666622]	[0, 667223]	[0, 667554]	[0, 666702]
[1332152, 0]	[0, 666622]	[0, 667223]	[0, 667554]	[0, 666702]
[1332152, 0]	[0, 666622]	[0, 667223]	[0, 667554]	[0, 666702]
