[210852, 0]	[49384, 897988]	[49477, 898317]	[48995, 897027]	[49146, 898452]
[209984, 0]	[157967, 789110]	[157470, 789475]	[157190, 788697]	[157861, 791261]
[210733, 0]	[764, 946286]	[832, 946436]	[885, 945622]	[746, 946300]
[211203, 0]	[992, 947403]	[925, 945757]	[934, 946654]	[919, 946268]
[210382, 0]	[967, 945459]	[1005, 946273]	[939, 946400]	[1021, 946313]
[210456, 0]	[942, 943673]	[1072, 946568]	[1043, 947847]	[965, 945438]
[210795, 0]	[1119, 945625]	[1092, 946502]	[1147, 946610]	[1056, 944234]
[210775, 0]	[1245, 945955]	[1327, 944603]	[1327, 946512]	[1081, 944375]
[210637, 0]	[1278, 945611]	[1178, 944591]	[940, 947658]	[1151, 945710]
[209927, 0]	[1212, 946465]	[1277, 946708]	[1146, 947396]	[1218, 945440]
[210666, 0]	[1283, 947783]	[1231, 945830]	[1202, 945000]	[1271, 946194]
[210664, 0]	[1293, 947072]	[1219, 945422]	[1304, 945856]	[1451, 945723]
[210158, 0]	[1264, 945822]	[1306, 946627]	[1318, 946560]	[1333, 944333]
[210540, 0]	[1604, 944374]	[1248, 945490]	[1242, 945152]	[1420, 947080]
[210540, 0]	[1604, 944374]	[1248, 945490]	[1242, 945152]	[1420, 947080]
[210540, 0]	[1604, 944374]	[1248, 945490]	[1242, 945152]	[1420, 947080]
[210149, 0]	[1545, 947697]	[1099, 946067]	[1603, 946155]	[1544, 946197]
[210217, 0]	[1448, 946492]	[1419, 946559]	[1476, 946737]	[1293, 944799]
[210506, 0]	[1624, 945422]	[1634, 946656]	[1306, 946386]	[1406, 946481]
[210084, 0]	[1402, 946117]	[1671, 946556]	[1490, 946186]	[1370, 946057]
[210808, 0]	[1482, 945083]	[1574, 945158]	[1446, 947836]	[1342, 944394]

=======================
2017-11-06 17:34:15
Macro cell arrival rate: 2.0
Macro cell idle power: 0.7 * busy power
Small cell arrival rate: 9.0
Small cell setup time  : 0.05
Small cell idle timer  : 0.22

----------------------
Macro_Small	Macro_Small	Macro_Small	Macro_Small	Macro_Small
[210906, 0]	[49081, 898067]	[49108, 897473]	[49266, 897021]	[48999, 898760]
[210128, 0]	[37732, 908917]	[37891, 908573]	[37923, 909436]	[37774, 909776]
[210023, 0]	[0, 947685]	[0, 946736]	[0, 946346]	[0, 947817]
[210023, 0]	[0, 947685]	[0, 946736]	[0, 946346]	[0, 947817]
[210023, 0]	[0, 947685]	[0, 946736]	[0, 946346]	[0, 947817]
[210023, 0]	[0, 947685]	[0, 946736]	[0, 946346]	[0, 947817]
[210023, 0]	[0, 947685]	[0, 946736]	[0, 946346]	[0, 947817]
[210023, 0]	[0, 947685]	[0, 946736]	[0, 946346]	[0, 947817]
[210023, 0]	[0, 947685]	[0, 946736]	[0, 946346]	[0, 947817]
[210023, 0]	[0, 947685]	[0, 946736]	[0, 946346]	[0, 947817]
[210023, 0]	[0, 947685]	[0, 946736]	[0, 946346]	[0, 947817]
[210023, 0]	[0, 947685]	[0, 946736]	[0, 946346]	[0, 947817]
[210023, 0]	[0, 947685]	[0, 946736]	[0, 946346]	[0, 947817]
[210023, 0]	[0, 947685]	[0, 946736]	[0, 946346]	[0, 947817]
[210023, 0]	[0, 947685]	[0, 946736]	[0, 946346]	[0, 947817]
[210023, 0]	[0, 947685]	[0, 946736]	[0, 946346]	[0, 947817]
[210023, 0]	[0, 947685]	[0, 946736]	[0, 946346]	[0, 947817]
[210023, 0]	[0, 947685]	[0, 946736]	[0, 946346]	[0, 947817]
[210023, 0]	[0, 947685]	[0, 946736]	[0, 946346]	[0, 947817]
[210023, 0]	[0, 947685]	[0, 946736]	[0, 946346]	[0, 947817]
[210023, 0]	[0, 947685]	[0, 946736]	[0, 946346]	[0, 947817]
