[444618, 0]	[16940, 872669]	[16709, 871406]	[16659, 871729]	[16830, 871024]
[443844, 0]	[7982, 881415]	[8173, 880521]	[8259, 881129]	[8004, 879950]
[444811, 0]	[0, 887977]	[0, 887828]	[0, 888596]	[0, 888000]
[444811, 0]	[0, 887977]	[0, 887828]	[0, 888596]	[0, 888000]
[444811, 0]	[0, 887977]	[0, 887828]	[0, 888596]	[0, 888000]
[444811, 0]	[0, 887977]	[0, 887828]	[0, 888596]	[0, 888000]
[444811, 0]	[0, 887977]	[0, 887828]	[0, 888596]	[0, 888000]
[444811, 0]	[0, 887977]	[0, 887828]	[0, 888596]	[0, 888000]
[444811, 0]	[0, 887977]	[0, 887828]	[0, 888596]	[0, 888000]
[444811, 0]	[0, 887977]	[0, 887828]	[0, 888596]	[0, 888000]
[444811, 0]	[0, 887977]	[0, 887828]	[0, 888596]	[0, 888000]
[444811, 0]	[0, 887977]	[0, 887828]	[0, 888596]	[0, 888000]
[444811, 0]	[0, 887977]	[0, 887828]	[0, 888596]	[0, 888000]
[444811, 0]	[0, 887977]	[0, 887828]	[0, 888596]	[0, 888000]
[444811, 0]	[0, 887977]	[0, 887828]	[0, 888596]	[0, 888000]
[444811, 0]	[0, 887977]	[0, 887828]	[0, 888596]	[0, 888000]
[444811, 0]	[0, 887977]	[0, 887828]	[0, 888596]	[0, 888000]
[444811, 0]	[0, 887977]	[0, 887828]	[0, 888596]	[0, 888000]
[444811, 0]	[0, 887977]	[0, 887828]	[0, 888596]	[0, 888000]
[444811, 0]	[0, 887977]	[0, 887828]	[0, 888596]	[0, 888000]
[444811, 0]	[0, 887977]	[0, 887828]	[0, 888596]	[0, 888000]

=======================
2017-11-06 17:34:16
Macro cell arrival rate: 2.0
Macro cell idle power: 0.7 * busy power
Small cell arrival rate: 4.0
Small cell setup time  : 0.05
Small cell idle timer  : 128.0

----------------------
Macro_Small	Macro_Small	Macro_Small	Macro_Small	Macro_Small
[444866, 0]	[16978, 872515]	[16758, 872255]	[16832, 872122]	[17061, 871907]
[444557, 0]	[2603, 886854]	[2715, 886532]	[2604, 887096]	[2754, 886518]
[444632, 0]	[0, 888989]	[0, 888872]	[0, 888410]	[0, 890194]
[444632, 0]	[0, 888989]	[0, 888872]	[0, 888410]	[0, 890194]
[444632, 0]	[0, 888989]	[0, 888872]	[0, 888410]	[0, 890194]
[444632, 0]	[0, 888989]	[0, 888872]	[0, 888410]	[0, 890194]
[444632, 0]	[0, 888989]	[0, 888872]	[0, 888410]	[0, 890194]
[444632, 0]	[0, 888989]	[0, 888872]	[0, 888410]	[0, 890194]
[444632, 0]	[0, 888989]	[0, 888872]	[0, 888410]	[0, 890194]
[444632, 0]	[0, 888989]	[0, 888872]	[0, 888410]	[0, 890194]
[444632, 0]	[0, 888989]	[0, 888872]	[0, 888410]	[0, 890194]
[444632, 0]	[0, 888989]	[0, 888872]	[0, 888410]	[0, 890194]
[444632, 0]	[0, 888989]	[0, 888872]	[0, 888410]	[0, 890194]
[444632, 0]	[0, 888989]	[0, 888872]	[0, 888410]	[0, 890194]
[444632, 0]	[0, 888989]	[0, 888872]	[0, 888410]	[0, 890194]
[444632, 0]	[0, 888989]	[0, 888872]	[0, 888410]	[0, 890194]
[444632, 0]	[0, 888989]	[0, 888872]	[0, 888410]	[0, 890194]
[444632, 0]	[0, 888989]	[0, 888872]	[0, 888410]	[0, 890194]
[444632, 0]	[0, 888989]	[0, 888872]	[0, 888410]	[0, 890194]
[444632, 0]	[0, 888989]	[0, 888872]	[0, 888410]	[0, 890194]
[444632, 0]	[0, 888989]	[0, 888872]	[0, 888410]	[0, 890194]
