[1334448, 0]	[0, 665212]	[0, 665016]	[0, 665522]	[0, 666716]
[1335392, 0]	[581941, 83645]	[581970, 83253]	[585145, 83707]	[582311, 83689]
[1332995, 0]	[666688, 4]	[666266, 2]	[666599, 4]	[667368, 5]
[1332995, 0]	[666688, 4]	[666266, 2]	[666599, 4]	[667368, 5]
[1332995, 0]	[666688, 4]	[666266, 2]	[666599, 4]	[667368, 5]
[1332995, 0]	[666688, 4]	[666266, 2]	[666599, 4]	[667368, 5]
[1332995, 0]	[666688, 4]	[666266, 2]	[666599, 4]	[667368, 5]
[1332995, 0]	[666688, 4]	[666266, 2]	[666599, 4]	[667368, 5]
[1332995, 0]	[666688, 4]	[666266, 2]	[666599, 4]	[667368, 5]
[1332995, 0]	[666688, 4]	[666266, 2]	[666599, 4]	[667368, 5]
[1332995, 0]	[666688, 4]	[666266, 2]	[666599, 4]	[667368, 5]
[1332995, 0]	[666688, 4]	[666266, 2]	[666599, 4]	[667368, 5]
[1332995, 0]	[666688, 4]	[666266, 2]	[666599, 4]	[667368, 5]
[1332995, 0]	[666688, 4]	[666266, 2]	[666599, 4]	[667368, 5]
[1332995, 0]	[666688, 4]	[666266, 2]	[666599, 4]	[667368, 5]
[1332995, 0]	[666688, 4]	[666266, 2]	[666599, 4]	[667368, 5]
[1332995, 0]	[666688, 4]	[666266, 2]	[666599, 4]	[667368, 5]
[1332995, 0]	[666688, 4]	[666266, 2]	[666599, 4]	[667368, 5]
[1332995, 0]	[666688, 4]	[666266, 2]	[666599, 4]	[667368, 5]
[1332995, 0]	[666688, 4]	[666266, 2]	[666599, 4]	[667368, 5]
[1332995, 0]	[666688, 4]	[666266, 2]	[666599, 4]	[667368, 5]

=======================
2017-11-06 17:32:58
Macro cell arrival rate: 2.0
Macro cell idle power: 0.7 * busy power
Small cell arrival rate: 1.0
Small cell setup time  : 0.05
Small cell idle timer  : 1.0

----------------------
Macro_Small	Macro_Small	Macro_Small	Macro_Small	Macro_Small
[1334850, 0]	[0, 664595]	[0, 665439]	[0, 667120]	[0, 666392]
[1332880, 0]	[633, 666355]	[644, 666650]	[711, 667233]	[704, 666202]
[1333889, 0]	[0, 665117]	[0, 667422]	[0, 666921]	[0, 666879]
[1333889, 0]	[0, 665117]	[0, 667422]	[0, 666921]	[0, 666879]
[1333889, 0]	[0, 665117]	[0, 667422]	[0, 666921]	[0, 666879]
[1333889, 0]	[0, 665117]	[0, 667422]	[0, 666921]	[0, 666879]
[1333889, 0]	[0, 665117]	[0, 667422]	[0, 666921]	[0, 666879]
[1333889, 0]	[0, 665117]	[0, 667422]	[0, 666921]	[0, 666879]
[1333889, 0]	[0, 665117]	[0, 667422]	[0, 666921]	[0, 666879]
[1333889, 0]	[0, 665117]	[0, 667422]	[0, 666921]	[0, 666879]
[1333889, 0]	[0, 665117]	[0, 667422]	[0, 666921]	[0, 666879]
[1333889, 0]	[0, 665117]	[0, 667422]	[0, 666921]	[0, 666879]
[1333889, 0]	[0, 665117]	[0, 667422]	[0, 666921]	[0, 666879]
[1333889, 0]	[0, 665117]	[0, 667422]	[0, 666921]	[0, 666879]
[1333889, 0]	[0, 665117]	[0, 667422]	[0, 666921]	[0, 666879]
[1333889, 0]	[0, 665117]	[0, 667422]	[0, 666921]	[0, 666879]
[1333889, 0]	[0, 665117]	[0, 667422]	[0, 666921]	[0, 666879]
[1333889, 0]	[0, 665117]	[0, 667422]	[0, 666921]	[0, 666879]
[1333889, 0]	[0, 665117]	[0, 667422]	[0, 666921]	[0, 666879]
[1333889, 0]	[0, 665117]	[0, 667422]	[0, 666921]	[0, 666879]
[1333889, 0]	[0, 665117]	[0, 667422]	[0, 666921]	[0, 666879]
