[210845, 0]	[49311, 896784]	[49220, 898258]	[49239, 899815]	[48987, 899334]
[209925, 0]	[48759, 898394]	[48902, 898000]	[48949, 896530]	[48016, 899732]
[209323, 0]	[0, 947896]	[0, 947626]	[0, 945254]	[0, 946575]
[209323, 0]	[0, 947896]	[0, 947626]	[0, 945254]	[0, 946575]
[209323, 0]	[0, 947896]	[0, 947626]	[0, 945254]	[0, 946575]
[209323, 0]	[0, 947896]	[0, 947626]	[0, 945254]	[0, 946575]
[209323, 0]	[0, 947896]	[0, 947626]	[0, 945254]	[0, 946575]
[209323, 0]	[0, 947896]	[0, 947626]	[0, 945254]	[0, 946575]
[209323, 0]	[0, 947896]	[0, 947626]	[0, 945254]	[0, 946575]
[209323, 0]	[0, 947896]	[0, 947626]	[0, 945254]	[0, 946575]
[209323, 0]	[0, 947896]	[0, 947626]	[0, 945254]	[0, 946575]
[209323, 0]	[0, 947896]	[0, 947626]	[0, 945254]	[0, 946575]
[209323, 0]	[0, 947896]	[0, 947626]	[0, 945254]	[0, 946575]
[209323, 0]	[0, 947896]	[0, 947626]	[0, 945254]	[0, 946575]
[209323, 0]	[0, 947896]	[0, 947626]	[0, 945254]	[0, 946575]
[209323, 0]	[0, 947896]	[0, 947626]	[0, 945254]	[0, 946575]
[209323, 0]	[0, 947896]	[0, 947626]	[0, 945254]	[0, 946575]
[209323, 0]	[0, 947896]	[0, 947626]	[0, 945254]	[0, 946575]
[209323, 0]	[0, 947896]	[0, 947626]	[0, 945254]	[0, 946575]
[209323, 0]	[0, 947896]	[0, 947626]	[0, 945254]	[0, 946575]
[209323, 0]	[0, 947896]	[0, 947626]	[0, 945254]	[0, 946575]

=======================
2017-11-06 17:32:02
Macro cell arrival rate: 2.0
Macro cell idle power: 1.0 * busy power
Small cell arrival rate: 9.0
Small cell setup time  : 0.05
Small cell idle timer  : 14.22

----------------------
Macro_Small	Macro_Small	Macro_Small	Macro_Small	Macro_Small
[209812, 0]	[49197, 898821]	[49270, 899264]	[48954, 897029]	[48970, 898772]
[209957, 0]	[23623, 922999]	[23590, 922158]	[23649, 923774]	[23628, 924249]
[210737, 0]	[0, 947233]	[0, 948037]	[0, 947724]	[0, 948038]
[210737, 0]	[0, 947233]	[0, 948037]	[0, 947724]	[0, 948038]
[210737, 0]	[0, 947233]	[0, 948037]	[0, 947724]	[0, 948038]
[210737, 0]	[0, 947233]	[0, 948037]	[0, 947724]	[0, 948038]
[210737, 0]	[0, 947233]	[0, 948037]	[0, 947724]	[0, 948038]
[210737, 0]	[0, 947233]	[0, 948037]	[0, 947724]	[0, 948038]
[210737, 0]	[0, 947233]	[0, 948037]	[0, 947724]	[0, 948038]
[210737, 0]	[0, 947233]	[0, 948037]	[0, 947724]	[0, 948038]
[210737, 0]	[0, 947233]	[0, 948037]	[0, 947724]	[0, 948038]
[210737, 0]	[0, 947233]	[0, 948037]	[0, 947724]	[0, 948038]
[210737, 0]	[0, 947233]	[0, 948037]	[0, 947724]	[0, 948038]
[210737, 0]	[0, 947233]	[0, 948037]	[0, 947724]	[0, 948038]
[210737, 0]	[0, 947233]	[0, 948037]	[0, 947724]	[0, 948038]
[210737, 0]	[0, 947233]	[0, 948037]	[0, 947724]	[0, 948038]
[210737, 0]	[0, 947233]	[0, 948037]	[0, 947724]	[0, 948038]
[210737, 0]	[0, 947233]	[0, 948037]	[0, 947724]	[0, 948038]
[210737, 0]	[0, 947233]	[0, 948037]	[0, 947724]	[0, 948038]
[210737, 0]	[0, 947233]	[0, 948037]	[0, 947724]	[0, 948038]
[210737, 0]	[0, 947233]	[0, 948037]	[0, 947724]	[0, 948038]
