[210499, 0]	[48977, 897832]	[48953, 897894]	[49429, 898508]	[49302, 897148]
[210307, 0]	[159480, 789247]	[159553, 786262]	[158850, 789449]	[160175, 787411]
[210529, 0]	[28945, 921161]	[28891, 918528]	[29263, 917154]	[28351, 919837]
[210068, 0]	[29047, 919950]	[28334, 920459]	[28524, 918135]	[29582, 917652]
[210460, 0]	[28522, 920823]	[28914, 918762]	[28702, 919067]	[28931, 918338]
[210699, 0]	[28715, 920202]	[28876, 919338]	[29095, 918753]	[28915, 918038]
[210622, 0]	[28493, 919583]	[29106, 919272]	[27590, 920446]	[28810, 920124]
[209607, 0]	[27318, 920806]	[27391, 920355]	[27362, 919140]	[27513, 920395]
[210339, 0]	[26398, 922936]	[26745, 921076]	[26692, 920298]	[26070, 920604]
[210380, 0]	[27099, 921097]	[27381, 918973]	[27988, 919581]	[28315, 921205]
[210438, 0]	[27560, 921070]	[27274, 920402]	[26384, 922581]	[27429, 919927]
[209896, 0]	[26208, 923336]	[25450, 922852]	[25557, 922781]	[25884, 921204]
[211613, 0]	[25762, 922747]	[25922, 923001]	[25596, 922096]	[26778, 921055]
[210339, 0]	[26398, 922936]	[26745, 921076]	[26692, 920298]	[26070, 920604]
[210582, 0]	[27646, 921387]	[26840, 920377]	[27401, 920676]	[27265, 920931]
[211354, 0]	[26529, 921056]	[25256, 921267]	[26533, 921778]	[25643, 922142]
[210955, 0]	[25847, 920216]	[26522, 921883]	[25284, 923139]	[26405, 920327]
[210339, 0]	[26398, 922936]	[26745, 921076]	[26692, 920298]	[26070, 920604]
[209607, 0]	[27318, 920806]	[27391, 920355]	[27362, 919140]	[27513, 920395]
[210265, 0]	[27983, 920148]	[27701, 920273]	[26403, 922437]	[27475, 920349]
[210339, 0]	[26398, 922936]	[26745, 921076]	[26692, 920298]	[26070, 920604]

=======================
2017-11-06 17:34:17
Macro cell arrival rate: 2.0
Macro cell idle power: 0.7 * busy power
Small cell arrival rate: 9.0
Small cell setup time  : 0.05
Small cell idle timer  : 0.11

----------------------
Macro_Small	Macro_Small	Macro_Small	Macro_Small	Macro_Small
[210256, 0]	[49331, 898114]	[49167, 896625]	[49084, 900450]	[49522, 897327]
[210331, 0]	[43292, 904432]	[43446, 905328]	[43267, 905482]	[43444, 904417]
[209525, 0]	[0, 947983]	[0, 947253]	[0, 948582]	[0, 946171]
[209525, 0]	[0, 947983]	[0, 947253]	[0, 948582]	[0, 946171]
[209525, 0]	[0, 947983]	[0, 947253]	[0, 948582]	[0, 946171]
[209525, 0]	[0, 947983]	[0, 947253]	[0, 948582]	[0, 946171]
[209525, 0]	[0, 947983]	[0, 947253]	[0, 948582]	[0, 946171]
[209525, 0]	[0, 947983]	[0, 947253]	[0, 948582]	[0, 946171]
[209525, 0]	[0, 947983]	[0, 947253]	[0, 948582]	[0, 946171]
[209525, 0]	[0, 947983]	[0, 947253]	[0, 948582]	[0, 946171]
[209525, 0]	[0, 947983]	[0, 947253]	[0, 948582]	[0, 946171]
[209525, 0]	[0, 947983]	[0, 947253]	[0, 948582]	[0, 946171]
[209525, 0]	[0, 947983]	[0, 947253]	[0, 948582]	[0, 946171]
[209525, 0]	[0, 947983]	[0, 947253]	[0, 948582]	[0, 946171]
[209525, 0]	[0, 947983]	[0, 947253]	[0, 948582]	[0, 946171]
[209525, 0]	[0, 947983]	[0, 947253]	[0, 948582]	[0, 946171]
[209525, 0]	[0, 947983]	[0, 947253]	[0, 948582]	[0, 946171]
[209525, 0]	[0, 947983]	[0, 947253]	[0, 948582]	[0, 946171]
[209525, 0]	[0, 947983]	[0, 947253]	[0, 948582]	[0, 946171]
[209525, 0]	[0, 947983]	[0, 947253]	[0, 948582]	[0, 946171]
[209525, 0]	[0, 947983]	[0, 947253]	[0, 948582]	[0, 946171]
