[1334017, 0]	[0, 665566]	[0, 666996]	[0, 666876]	[0, 666118]
[1332991, 0]	[166415, 497947]	[168836, 497242]	[166269, 500093]	[166464, 500619]
[1334162, 0]	[664964, 6]	[666380, 5]	[665833, 2]	[666405, 12]
[1334162, 0]	[664964, 6]	[666380, 5]	[665833, 2]	[666405, 12]
[1334162, 0]	[664964, 6]	[666380, 5]	[665833, 2]	[666405, 12]
[1334162, 0]	[664964, 6]	[666380, 5]	[665833, 2]	[666405, 12]
[1334162, 0]	[664964, 6]	[666380, 5]	[665833, 2]	[666405, 12]
[1334162, 0]	[664964, 6]	[666380, 5]	[665833, 2]	[666405, 12]
[1334162, 0]	[664964, 6]	[666380, 5]	[665833, 2]	[666405, 12]
[1334162, 0]	[664964, 6]	[666380, 5]	[665833, 2]	[666405, 12]
[1334162, 0]	[664964, 6]	[666380, 5]	[665833, 2]	[666405, 12]
[1334162, 0]	[664964, 6]	[666380, 5]	[665833, 2]	[666405, 12]
[1334162, 0]	[664964, 6]	[666380, 5]	[665833, 2]	[666405, 12]
[1334162, 0]	[664964, 6]	[666380, 5]	[665833, 2]	[666405, 12]
[1334162, 0]	[664964, 6]	[666380, 5]	[665833, 2]	[666405, 12]
[1334162, 0]	[664964, 6]	[666380, 5]	[665833, 2]	[666405, 12]
[1334162, 0]	[664964, 6]	[666380, 5]	[665833, 2]	[666405, 12]
[1334162, 0]	[664964, 6]	[666380, 5]	[665833, 2]	[666405, 12]
[1334162, 0]	[664964, 6]	[666380, 5]	[665833, 2]	[666405, 12]
[1334162, 0]	[664964, 6]	[666380, 5]	[665833, 2]	[666405, 12]
[1334162, 0]	[664964, 6]	[666380, 5]	[665833, 2]	[666405, 12]

=======================
2017-11-06 17:34:00
Macro cell arrival rate: 2.0
Macro cell idle power: 0.7 * busy power
Small cell arrival rate: 1.0
Small cell setup time  : 0.05
Small cell idle timer  : 8.0

----------------------
Macro_Small	Macro_Small	Macro_Small	Macro_Small	Macro_Small
[1334524, 0]	[0, 666752]	[0, 665198]	[0, 665028]	[0, 667704]
[1330597, 0]	[164, 666669]	[164, 666831]	[172, 666396]	[199, 666773]
[1332147, 0]	[0, 667406]	[0, 666447]	[0, 666716]	[0, 667529]
[1332147, 0]	[0, 667406]	[0, 666447]	[0, 666716]	[0, 667529]
[1332147, 0]	[0, 667406]	[0, 666447]	[0, 666716]	[0, 667529]
[1332147, 0]	[0, 667406]	[0, 666447]	[0, 666716]	[0, 667529]
[1332147, 0]	[0, 667406]	[0, 666447]	[0, 666716]	[0, 667529]
[1332147, 0]	[0, 667406]	[0, 666447]	[0, 666716]	[0, 667529]
[1332147, 0]	[0, 667406]	[0, 666447]	[0, 666716]	[0, 667529]
[1332147, 0]	[0, 667406]	[0, 666447]	[0, 666716]	[0, 667529]
[1332147, 0]	[0, 667406]	[0, 666447]	[0, 666716]	[0, 667529]
[1332147, 0]	[0, 667406]	[0, 666447]	[0, 666716]	[0, 667529]
[1332147, 0]	[0, 667406]	[0, 666447]	[0, 666716]	[0, 667529]
[1332147, 0]	[0, 667406]	[0, 666447]	[0, 666716]	[0, 667529]
[1332147, 0]	[0, 667406]	[0, 666447]	[0, 666716]	[0, 667529]
[1332147, 0]	[0, 667406]	[0, 666447]	[0, 666716]	[0, 667529]
[1332147, 0]	[0, 667406]	[0, 666447]	[0, 666716]	[0, 667529]
[1332147, 0]	[0, 667406]	[0, 666447]	[0, 666716]	[0, 667529]
[1332147, 0]	[0, 667406]	[0, 666447]	[0, 666716]	[0, 667529]
[1332147, 0]	[0, 667406]	[0, 666447]	[0, 666716]	[0, 667529]
[1332147, 0]	[0, 667406]	[0, 666447]	[0, 666716]	[0, 667529]

=======================
2017-11-07 15:12:07
Macro cell arrival rate: 2.0
Macro cell idle power: 0.7 * busy power
Small cell arrival rate: 1.0
Small cell setup time  : 1.0
Small cell idle timer  : 0.5

----------------------
Macro_Small	Macro_Small	Macro_Small	Macro_Small	Macro_Small

=======================
2017-11-07 15:13:29
Macro cell arrival rate: 2.0
Macro cell idle power: 0.7 * busy power
Small cell arrival rate: 1.0
Small cell setup time  : 1.0
Small cell idle timer  : 0.5

----------------------
Macro_Small	Macro_Small	Macro_Small	Macro_Small	Macro_Small
