[443956, 0]	[16597, 872634]	[16701, 873315]	[16725, 872258]	[16816, 869802]
[444242, 0]	[355290, 534448]	[356967, 533498]	[355536, 532673]	[356393, 532381]
[444048, 0]	[0, 889646]	[0, 887902]	[0, 889624]	[0, 890160]
[444048, 0]	[0, 889646]	[0, 887902]	[0, 889624]	[0, 890160]
[444048, 0]	[0, 889646]	[0, 887902]	[0, 889624]	[0, 890160]
[444048, 0]	[0, 889646]	[0, 887902]	[0, 889624]	[0, 890160]
[444048, 0]	[0, 889646]	[0, 887902]	[0, 889624]	[0, 890160]
[444048, 0]	[0, 889646]	[0, 887902]	[0, 889624]	[0, 890160]
[444048, 0]	[0, 889646]	[0, 887902]	[0, 889624]	[0, 890160]
[444048, 0]	[0, 889646]	[0, 887902]	[0, 889624]	[0, 890160]
[444048, 0]	[0, 889646]	[0, 887902]	[0, 889624]	[0, 890160]
[444048, 0]	[0, 889646]	[0, 887902]	[0, 889624]	[0, 890160]
[444048, 0]	[0, 889646]	[0, 887902]	[0, 889624]	[0, 890160]
[444048, 0]	[0, 889646]	[0, 887902]	[0, 889624]	[0, 890160]
[444048, 0]	[0, 889646]	[0, 887902]	[0, 889624]	[0, 890160]
[444048, 0]	[0, 889646]	[0, 887902]	[0, 889624]	[0, 890160]
[444048, 0]	[0, 889646]	[0, 887902]	[0, 889624]	[0, 890160]
[444048, 0]	[0, 889646]	[0, 887902]	[0, 889624]	[0, 890160]
[444048, 0]	[0, 889646]	[0, 887902]	[0, 889624]	[0, 890160]
[444048, 0]	[0, 889646]	[0, 887902]	[0, 889624]	[0, 890160]
[444048, 0]	[0, 889646]	[0, 887902]	[0, 889624]	[0, 890160]

=======================
2017-11-06 17:32:27
Macro cell arrival rate: 2.0
Macro cell idle power: 0.7 * busy power
Small cell arrival rate: 4.0
Small cell setup time  : 0.05
Small cell idle timer  : 0.5

----------------------
Macro_Small	Macro_Small	Macro_Small	Macro_Small	Macro_Small
[445093, 0]	[16635, 870556]	[16906, 871839]	[16748, 872047]	[16541, 872791]
[444418, 0]	[8901, 880214]	[8862, 879396]	[8842, 880156]	[9103, 880861]
[445496, 0]	[0, 890194]	[0, 889199]	[0, 888509]	[0, 889375]
[445496, 0]	[0, 890194]	[0, 889199]	[0, 888509]	[0, 889375]
[445496, 0]	[0, 890194]	[0, 889199]	[0, 888509]	[0, 889375]
[445496, 0]	[0, 890194]	[0, 889199]	[0, 888509]	[0, 889375]
[445496, 0]	[0, 890194]	[0, 889199]	[0, 888509]	[0, 889375]
[445496, 0]	[0, 890194]	[0, 889199]	[0, 888509]	[0, 889375]
[445496, 0]	[0, 890194]	[0, 889199]	[0, 888509]	[0, 889375]
[445496, 0]	[0, 890194]	[0, 889199]	[0, 888509]	[0, 889375]
[445496, 0]	[0, 890194]	[0, 889199]	[0, 888509]	[0, 889375]
[445496, 0]	[0, 890194]	[0, 889199]	[0, 888509]	[0, 889375]
[445496, 0]	[0, 890194]	[0, 889199]	[0, 888509]	[0, 889375]
[445496, 0]	[0, 890194]	[0, 889199]	[0, 888509]	[0, 889375]
[445496, 0]	[0, 890194]	[0, 889199]	[0, 888509]	[0, 889375]
[445496, 0]	[0, 890194]	[0, 889199]	[0, 888509]	[0, 889375]
[445496, 0]	[0, 890194]	[0, 889199]	[0, 888509]	[0, 889375]
[445496, 0]	[0, 890194]	[0, 889199]	[0, 888509]	[0, 889375]
[445496, 0]	[0, 890194]	[0, 889199]	[0, 888509]	[0, 889375]
[445496, 0]	[0, 890194]	[0, 889199]	[0, 888509]	[0, 889375]
[445496, 0]	[0, 890194]	[0, 889199]	[0, 888509]	[0, 889375]
