[307747, 0]	[36114, 887830]	[35642, 887139]	[35846, 888327]	[36068, 886171]
[307168, 0]	[243562, 678625]	[244266, 679825]	[243384, 678725]	[245091, 678935]
[307082, 0]	[16, 922682]	[0, 921300]	[0, 921951]	[7, 924816]
[307180, 0]	[24, 924817]	[8, 922361]	[17, 923704]	[27, 923325]
[307249, 0]	[71, 922520]	[35, 922112]	[20, 921602]	[11, 923742]
[307663, 0]	[67, 920852]	[63, 922328]	[37, 923106]	[70, 923380]
[307406, 0]	[47, 924325]	[100, 921412]	[108, 923261]	[82, 923302]
[307558, 0]	[60, 924252]	[97, 923750]	[143, 923449]	[113, 920914]
[307586, 0]	[186, 924212]	[241, 922547]	[198, 923873]	[119, 922684]
[307426, 0]	[178, 922792]	[197, 922914]	[134, 922106]	[180, 922718]
[307854, 0]	[253, 924226]	[229, 922757]	[174, 923684]	[270, 922054]
[306909, 0]	[253, 922111]	[254, 921552]	[167, 922042]	[342, 923720]
[307544, 0]	[361, 923025]	[276, 922096]	[227, 922368]	[222, 923766]
[307625, 0]	[375, 922766]	[312, 923620]	[266, 922853]	[194, 923198]
[307020, 0]	[327, 922194]	[352, 922954]	[345, 923130]	[358, 921962]
[306921, 0]	[391, 923916]	[347, 924183]	[450, 923241]	[398, 922766]
[307493, 0]	[386, 922719]	[534, 923353]	[540, 922760]	[315, 923596]
[308257, 0]	[392, 922682]	[472, 922641]	[460, 921591]	[495, 920210]
[308572, 0]	[434, 922505]	[442, 923214]	[491, 921058]	[486, 920901]
[307657, 0]	[424, 922589]	[487, 923576]	[567, 923410]	[490, 922708]
[307657, 0]	[424, 922589]	[487, 923576]	[567, 923410]	[490, 922708]

=======================
2017-11-06 17:32:16
Macro cell arrival rate: 2.0
Macro cell idle power: 1.0 * busy power
Small cell arrival rate: 6.0
Small cell setup time  : 0.05
Small cell idle timer  : 0.17

----------------------
Macro_Small	Macro_Small	Macro_Small	Macro_Small	Macro_Small
[308021, 0]	[35513, 887819]	[35693, 884809]	[35821, 888222]	[35904, 887114]
[307883, 0]	[24084, 898723]	[24014, 898437]	[23904, 898397]	[24087, 897763]
[307948, 0]	[0, 923551]	[0, 922084]	[0, 923786]	[0, 921889]
[307948, 0]	[0, 923551]	[0, 922084]	[0, 923786]	[0, 921889]
[307948, 0]	[0, 923551]	[0, 922084]	[0, 923786]	[0, 921889]
[307948, 0]	[0, 923551]	[0, 922084]	[0, 923786]	[0, 921889]
[307948, 0]	[0, 923551]	[0, 922084]	[0, 923786]	[0, 921889]
[307948, 0]	[0, 923551]	[0, 922084]	[0, 923786]	[0, 921889]
[307948, 0]	[0, 923551]	[0, 922084]	[0, 923786]	[0, 921889]
[307948, 0]	[0, 923551]	[0, 922084]	[0, 923786]	[0, 921889]
[307948, 0]	[0, 923551]	[0, 922084]	[0, 923786]	[0, 921889]
[307948, 0]	[0, 923551]	[0, 922084]	[0, 923786]	[0, 921889]
[307948, 0]	[0, 923551]	[0, 922084]	[0, 923786]	[0, 921889]
[307948, 0]	[0, 923551]	[0, 922084]	[0, 923786]	[0, 921889]
[307948, 0]	[0, 923551]	[0, 922084]	[0, 923786]	[0, 921889]
[307948, 0]	[0, 923551]	[0, 922084]	[0, 923786]	[0, 921889]
[307948, 0]	[0, 923551]	[0, 922084]	[0, 923786]	[0, 921889]
[307948, 0]	[0, 923551]	[0, 922084]	[0, 923786]	[0, 921889]
[307948, 0]	[0, 923551]	[0, 922084]	[0, 923786]	[0, 921889]
[307948, 0]	[0, 923551]	[0, 922084]	[0, 923786]	[0, 921889]
[307948, 0]	[0, 923551]	[0, 922084]	[0, 923786]	[0, 921889]
