[443871, 0]	[16895, 872009]	[16915, 872510]	[16596, 871710]	[16814, 871806]
[444505, 0]	[314124, 574453]	[315261, 574032]	[315215, 573507]	[314235, 573963]
[444681, 0]	[0, 888718]	[0, 889234]	[0, 888689]	[0, 888489]
[444681, 0]	[0, 888718]	[0, 889234]	[0, 888689]	[0, 888489]
[444681, 0]	[0, 888718]	[0, 889234]	[0, 888689]	[0, 888489]
[444681, 0]	[0, 888718]	[0, 889234]	[0, 888689]	[0, 888489]
[444681, 0]	[0, 888718]	[0, 889234]	[0, 888689]	[0, 888489]
[444681, 0]	[0, 888718]	[0, 889234]	[0, 888689]	[0, 888489]
[444681, 0]	[0, 888718]	[0, 889234]	[0, 888689]	[0, 888489]
[444681, 0]	[0, 888718]	[0, 889234]	[0, 888689]	[0, 888489]
[444681, 0]	[0, 888718]	[0, 889234]	[0, 888689]	[0, 888489]
[444681, 0]	[0, 888718]	[0, 889234]	[0, 888689]	[0, 888489]
[444681, 0]	[0, 888718]	[0, 889234]	[0, 888689]	[0, 888489]
[444681, 0]	[0, 888718]	[0, 889234]	[0, 888689]	[0, 888489]
[444681, 0]	[0, 888718]	[0, 889234]	[0, 888689]	[0, 888489]
[444681, 0]	[0, 888718]	[0, 889234]	[0, 888689]	[0, 888489]
[444681, 0]	[0, 888718]	[0, 889234]	[0, 888689]	[0, 888489]
[444681, 0]	[0, 888718]	[0, 889234]	[0, 888689]	[0, 888489]
[444681, 0]	[0, 888718]	[0, 889234]	[0, 888689]	[0, 888489]
[444681, 0]	[0, 888718]	[0, 889234]	[0, 888689]	[0, 888489]
[444681, 0]	[0, 888718]	[0, 889234]	[0, 888689]	[0, 888489]

=======================
2017-11-06 17:33:20
Macro cell arrival rate: 2.0
Macro cell idle power: 0.7 * busy power
Small cell arrival rate: 4.0
Small cell setup time  : 0.05
Small cell idle timer  : 1.0

----------------------
Macro_Small	Macro_Small	Macro_Small	Macro_Small	Macro_Small
[445096, 0]	[16868, 871310]	[16548, 872382]	[16723, 870801]	[16652, 872043]
[445123, 0]	[6611, 882015]	[6610, 882780]	[6418, 881620]	[6467, 882708]
[445129, 0]	[0, 888014]	[0, 889609]	[0, 888671]	[0, 890009]
[445129, 0]	[0, 888014]	[0, 889609]	[0, 888671]	[0, 890009]
[445129, 0]	[0, 888014]	[0, 889609]	[0, 888671]	[0, 890009]
[445129, 0]	[0, 888014]	[0, 889609]	[0, 888671]	[0, 890009]
[445129, 0]	[0, 888014]	[0, 889609]	[0, 888671]	[0, 890009]
[445129, 0]	[0, 888014]	[0, 889609]	[0, 888671]	[0, 890009]
[445129, 0]	[0, 888014]	[0, 889609]	[0, 888671]	[0, 890009]
[445129, 0]	[0, 888014]	[0, 889609]	[0, 888671]	[0, 890009]
[445129, 0]	[0, 888014]	[0, 889609]	[0, 888671]	[0, 890009]
[445129, 0]	[0, 888014]	[0, 889609]	[0, 888671]	[0, 890009]
[445129, 0]	[0, 888014]	[0, 889609]	[0, 888671]	[0, 890009]
[445129, 0]	[0, 888014]	[0, 889609]	[0, 888671]	[0, 890009]
[445129, 0]	[0, 888014]	[0, 889609]	[0, 888671]	[0, 890009]
[445129, 0]	[0, 888014]	[0, 889609]	[0, 888671]	[0, 890009]
[445129, 0]	[0, 888014]	[0, 889609]	[0, 888671]	[0, 890009]
[445129, 0]	[0, 888014]	[0, 889609]	[0, 888671]	[0, 890009]
[445129, 0]	[0, 888014]	[0, 889609]	[0, 888671]	[0, 890009]
[445129, 0]	[0, 888014]	[0, 889609]	[0, 888671]	[0, 890009]
[445129, 0]	[0, 888014]	[0, 889609]	[0, 888671]	[0, 890009]
