[444458, 0]	[16922, 872054]	[16772, 872542]	[16640, 872464]	[16624, 872247]
[443764, 0]	[5143, 882802]	[5335, 882950]	[5355, 883314]	[5284, 883485]
[444097, 0]	[0, 888677]	[0, 889046]	[0, 888563]	[0, 888447]
[444097, 0]	[0, 888677]	[0, 889046]	[0, 888563]	[0, 888447]
[444097, 0]	[0, 888677]	[0, 889046]	[0, 888563]	[0, 888447]
[444097, 0]	[0, 888677]	[0, 889046]	[0, 888563]	[0, 888447]
[444097, 0]	[0, 888677]	[0, 889046]	[0, 888563]	[0, 888447]
[444097, 0]	[0, 888677]	[0, 889046]	[0, 888563]	[0, 888447]
[444097, 0]	[0, 888677]	[0, 889046]	[0, 888563]	[0, 888447]
[444097, 0]	[0, 888677]	[0, 889046]	[0, 888563]	[0, 888447]
[444097, 0]	[0, 888677]	[0, 889046]	[0, 888563]	[0, 888447]
[444097, 0]	[0, 888677]	[0, 889046]	[0, 888563]	[0, 888447]
[444097, 0]	[0, 888677]	[0, 889046]	[0, 888563]	[0, 888447]
[444097, 0]	[0, 888677]	[0, 889046]	[0, 888563]	[0, 888447]
[444097, 0]	[0, 888677]	[0, 889046]	[0, 888563]	[0, 888447]
[444097, 0]	[0, 888677]	[0, 889046]	[0, 888563]	[0, 888447]
[444097, 0]	[0, 888677]	[0, 889046]	[0, 888563]	[0, 888447]
[444097, 0]	[0, 888677]	[0, 889046]	[0, 888563]	[0, 888447]
[444097, 0]	[0, 888677]	[0, 889046]	[0, 888563]	[0, 888447]
[444097, 0]	[0, 888677]	[0, 889046]	[0, 888563]	[0, 888447]
[444097, 0]	[0, 888677]	[0, 889046]	[0, 888563]	[0, 888447]

=======================
2017-11-06 17:32:02
Macro cell arrival rate: 2.0
Macro cell idle power: 1.0 * busy power
Small cell arrival rate: 4.0
Small cell setup time  : 0.05
Small cell idle timer  : 256.0

----------------------
Macro_Small	Macro_Small	Macro_Small	Macro_Small	Macro_Small
[445173, 0]	[16653, 871438]	[16835, 872179]	[16764, 872133]	[16641, 871247]
[445070, 0]	[2496, 884272]	[2615, 887425]	[2677, 887621]	[2629, 885634]
[444672, 0]	[0, 889151]	[0, 887727]	[0, 888563]	[0, 889756]
[444672, 0]	[0, 889151]	[0, 887727]	[0, 888563]	[0, 889756]
[444672, 0]	[0, 889151]	[0, 887727]	[0, 888563]	[0, 889756]
[444672, 0]	[0, 889151]	[0, 887727]	[0, 888563]	[0, 889756]
[444672, 0]	[0, 889151]	[0, 887727]	[0, 888563]	[0, 889756]
[444672, 0]	[0, 889151]	[0, 887727]	[0, 888563]	[0, 889756]
[444672, 0]	[0, 889151]	[0, 887727]	[0, 888563]	[0, 889756]
[444672, 0]	[0, 889151]	[0, 887727]	[0, 888563]	[0, 889756]
[444672, 0]	[0, 889151]	[0, 887727]	[0, 888563]	[0, 889756]
[444672, 0]	[0, 889151]	[0, 887727]	[0, 888563]	[0, 889756]
[444672, 0]	[0, 889151]	[0, 887727]	[0, 888563]	[0, 889756]
[444672, 0]	[0, 889151]	[0, 887727]	[0, 888563]	[0, 889756]
[444672, 0]	[0, 889151]	[0, 887727]	[0, 888563]	[0, 889756]
[444672, 0]	[0, 889151]	[0, 887727]	[0, 888563]	[0, 889756]
[444672, 0]	[0, 889151]	[0, 887727]	[0, 888563]	[0, 889756]
[444672, 0]	[0, 889151]	[0, 887727]	[0, 888563]	[0, 889756]
[444672, 0]	[0, 889151]	[0, 887727]	[0, 888563]	[0, 889756]
[444672, 0]	[0, 889151]	[0, 887727]	[0, 888563]	[0, 889756]
[444672, 0]	[0, 889151]	[0, 887727]	[0, 888563]	[0, 889756]
