[1331941, 0]	[0, 667343]	[0, 666840]	[0, 666738]	[0, 666941]
[1333732, 0]	[643, 664443]	[621, 665636]	[606, 665660]	[618, 666299]
[1331488, 0]	[666807, 725]	[667619, 437]	[666797, 390]	[663794, 1363]
[1331488, 0]	[666807, 725]	[667619, 437]	[666797, 390]	[663794, 1363]
[1331488, 0]	[666807, 725]	[667619, 437]	[666797, 390]	[663794, 1363]
[1331488, 0]	[666807, 725]	[667619, 437]	[666797, 390]	[663794, 1363]
[1331488, 0]	[666807, 725]	[667619, 437]	[666797, 390]	[663794, 1363]
[1331488, 0]	[666807, 725]	[667619, 437]	[666797, 390]	[663794, 1363]
[1331488, 0]	[666807, 725]	[667619, 437]	[666797, 390]	[663794, 1363]
[1331488, 0]	[666807, 725]	[667619, 437]	[666797, 390]	[663794, 1363]
[1331488, 0]	[666807, 725]	[667619, 437]	[666797, 390]	[663794, 1363]
[1331488, 0]	[666807, 725]	[667619, 437]	[666797, 390]	[663794, 1363]
[1331488, 0]	[666807, 725]	[667619, 437]	[666797, 390]	[663794, 1363]
[1331488, 0]	[666807, 725]	[667619, 437]	[666797, 390]	[663794, 1363]
[1331488, 0]	[666807, 725]	[667619, 437]	[666797, 390]	[663794, 1363]
[1331488, 0]	[666807, 725]	[667619, 437]	[666797, 390]	[663794, 1363]
[1331488, 0]	[666807, 725]	[667619, 437]	[666797, 390]	[663794, 1363]
[1331488, 0]	[666807, 725]	[667619, 437]	[666797, 390]	[663794, 1363]
[1331488, 0]	[666807, 725]	[667619, 437]	[666797, 390]	[663794, 1363]
[1331488, 0]	[666807, 725]	[667619, 437]	[666797, 390]	[663794, 1363]
[1331488, 0]	[666807, 725]	[667619, 437]	[666797, 390]	[663794, 1363]

=======================
2017-11-06 17:33:17
Macro cell arrival rate: 2.0
Macro cell idle power: 0.7 * busy power
Small cell arrival rate: 1.0
Small cell setup time  : 0.05
Small cell idle timer  : 1024.0

----------------------
Macro_Small	Macro_Small	Macro_Small	Macro_Small	Macro_Small
[1333010, 0]	[0, 665826]	[0, 667574]	[0, 667565]	[0, 666866]
[1331443, 0]	[32, 666548]	[28, 666962]	[23, 666962]	[30, 665228]
[1333549, 0]	[0, 666101]	[0, 666154]	[0, 665868]	[0, 665095]
[1333549, 0]	[0, 666101]	[0, 666154]	[0, 665868]	[0, 665095]
[1333549, 0]	[0, 666101]	[0, 666154]	[0, 665868]	[0, 665095]
[1333549, 0]	[0, 666101]	[0, 666154]	[0, 665868]	[0, 665095]
[1333549, 0]	[0, 666101]	[0, 666154]	[0, 665868]	[0, 665095]
[1333549, 0]	[0, 666101]	[0, 666154]	[0, 665868]	[0, 665095]
[1333549, 0]	[0, 666101]	[0, 666154]	[0, 665868]	[0, 665095]
[1333549, 0]	[0, 666101]	[0, 666154]	[0, 665868]	[0, 665095]
[1333549, 0]	[0, 666101]	[0, 666154]	[0, 665868]	[0, 665095]
[1333549, 0]	[0, 666101]	[0, 666154]	[0, 665868]	[0, 665095]
[1333549, 0]	[0, 666101]	[0, 666154]	[0, 665868]	[0, 665095]
[1333549, 0]	[0, 666101]	[0, 666154]	[0, 665868]	[0, 665095]
[1333549, 0]	[0, 666101]	[0, 666154]	[0, 665868]	[0, 665095]
[1333549, 0]	[0, 666101]	[0, 666154]	[0, 665868]	[0, 665095]
[1333549, 0]	[0, 666101]	[0, 666154]	[0, 665868]	[0, 665095]
[1333549, 0]	[0, 666101]	[0, 666154]	[0, 665868]	[0, 665095]
[1333549, 0]	[0, 666101]	[0, 666154]	[0, 665868]	[0, 665095]
[1333549, 0]	[0, 666101]	[0, 666154]	[0, 665868]	[0, 665095]
[1333549, 0]	[0, 666101]	[0, 666154]	[0, 665868]	[0, 665095]
