[444458, 0]	[16922, 872054]	[16772, 872542]	[16640, 872464]	[16624, 872247]
[444917, 0]	[5092, 884687]	[5357, 884032]	[5204, 883923]	[5107, 882731]
[443781, 0]	[0, 888561]	[0, 889481]	[0, 889613]	[0, 889144]
[443781, 0]	[0, 888561]	[0, 889481]	[0, 889613]	[0, 889144]
[443781, 0]	[0, 888561]	[0, 889481]	[0, 889613]	[0, 889144]
[443781, 0]	[0, 888561]	[0, 889481]	[0, 889613]	[0, 889144]
[443781, 0]	[0, 888561]	[0, 889481]	[0, 889613]	[0, 889144]
[443781, 0]	[0, 888561]	[0, 889481]	[0, 889613]	[0, 889144]
[443781, 0]	[0, 888561]	[0, 889481]	[0, 889613]	[0, 889144]
[443781, 0]	[0, 888561]	[0, 889481]	[0, 889613]	[0, 889144]
[443781, 0]	[0, 888561]	[0, 889481]	[0, 889613]	[0, 889144]
[443781, 0]	[0, 888561]	[0, 889481]	[0, 889613]	[0, 889144]
[443781, 0]	[0, 888561]	[0, 889481]	[0, 889613]	[0, 889144]
[443781, 0]	[0, 888561]	[0, 889481]	[0, 889613]	[0, 889144]
[443781, 0]	[0, 888561]	[0, 889481]	[0, 889613]	[0, 889144]
[443781, 0]	[0, 888561]	[0, 889481]	[0, 889613]	[0, 889144]
[443781, 0]	[0, 888561]	[0, 889481]	[0, 889613]	[0, 889144]
[443781, 0]	[0, 888561]	[0, 889481]	[0, 889613]	[0, 889144]
[443781, 0]	[0, 888561]	[0, 889481]	[0, 889613]	[0, 889144]
[443781, 0]	[0, 888561]	[0, 889481]	[0, 889613]	[0, 889144]
[443781, 0]	[0, 888561]	[0, 889481]	[0, 889613]	[0, 889144]

=======================
2017-11-06 17:34:33
Macro cell arrival rate: 2.0
Macro cell idle power: 0.7 * busy power
Small cell arrival rate: 4.0
Small cell setup time  : 0.05
Small cell idle timer  : 256.0

----------------------
Macro_Small	Macro_Small	Macro_Small	Macro_Small	Macro_Small
[445173, 0]	[16653, 871438]	[16835, 872179]	[16764, 872133]	[16641, 871247]
[444385, 0]	[2555, 885656]	[2678, 886130]	[2573, 886236]	[2641, 886679]
[443295, 0]	[0, 887080]	[0, 887253]	[0, 887501]	[0, 887798]
[443295, 0]	[0, 887080]	[0, 887253]	[0, 887501]	[0, 887798]
[443295, 0]	[0, 887080]	[0, 887253]	[0, 887501]	[0, 887798]
[443295, 0]	[0, 887080]	[0, 887253]	[0, 887501]	[0, 887798]
[443295, 0]	[0, 887080]	[0, 887253]	[0, 887501]	[0, 887798]
[443295, 0]	[0, 887080]	[0, 887253]	[0, 887501]	[0, 887798]
[443295, 0]	[0, 887080]	[0, 887253]	[0, 887501]	[0, 887798]
[443295, 0]	[0, 887080]	[0, 887253]	[0, 887501]	[0, 887798]
[443295, 0]	[0, 887080]	[0, 887253]	[0, 887501]	[0, 887798]
[443295, 0]	[0, 887080]	[0, 887253]	[0, 887501]	[0, 887798]
[443295, 0]	[0, 887080]	[0, 887253]	[0, 887501]	[0, 887798]
[443295, 0]	[0, 887080]	[0, 887253]	[0, 887501]	[0, 887798]
[443295, 0]	[0, 887080]	[0, 887253]	[0, 887501]	[0, 887798]
[443295, 0]	[0, 887080]	[0, 887253]	[0, 887501]	[0, 887798]
[443295, 0]	[0, 887080]	[0, 887253]	[0, 887501]	[0, 887798]
[443295, 0]	[0, 887080]	[0, 887253]	[0, 887501]	[0, 887798]
[443295, 0]	[0, 887080]	[0, 887253]	[0, 887501]	[0, 887798]
[443295, 0]	[0, 887080]	[0, 887253]	[0, 887501]	[0, 887798]
[443295, 0]	[0, 887080]	[0, 887253]	[0, 887501]	[0, 887798]
