[443871, 0]	[16895, 872009]	[16915, 872510]	[16596, 871710]	[16814, 871806]
[445999, 0]	[314357, 573979]	[313883, 574977]	[314240, 574994]	[313981, 575061]
[444414, 0]	[0, 888312]	[0, 888365]	[0, 890436]	[0, 889461]
[444414, 0]	[0, 888312]	[0, 888365]	[0, 890436]	[0, 889461]
[444414, 0]	[0, 888312]	[0, 888365]	[0, 890436]	[0, 889461]
[444414, 0]	[0, 888312]	[0, 888365]	[0, 890436]	[0, 889461]
[444414, 0]	[0, 888312]	[0, 888365]	[0, 890436]	[0, 889461]
[444414, 0]	[0, 888312]	[0, 888365]	[0, 890436]	[0, 889461]
[444414, 0]	[0, 888312]	[0, 888365]	[0, 890436]	[0, 889461]
[444414, 0]	[0, 888312]	[0, 888365]	[0, 890436]	[0, 889461]
[444414, 0]	[0, 888312]	[0, 888365]	[0, 890436]	[0, 889461]
[444414, 0]	[0, 888312]	[0, 888365]	[0, 890436]	[0, 889461]
[444414, 0]	[0, 888312]	[0, 888365]	[0, 890436]	[0, 889461]
[444414, 0]	[0, 888312]	[0, 888365]	[0, 890436]	[0, 889461]
[444414, 0]	[0, 888312]	[0, 888365]	[0, 890436]	[0, 889461]
[444414, 0]	[0, 888312]	[0, 888365]	[0, 890436]	[0, 889461]
[444414, 0]	[0, 888312]	[0, 888365]	[0, 890436]	[0, 889461]
[444414, 0]	[0, 888312]	[0, 888365]	[0, 890436]	[0, 889461]
[444414, 0]	[0, 888312]	[0, 888365]	[0, 890436]	[0, 889461]
[444414, 0]	[0, 888312]	[0, 888365]	[0, 890436]	[0, 889461]
[444414, 0]	[0, 888312]	[0, 888365]	[0, 890436]	[0, 889461]

=======================
2017-11-06 17:31:25
Macro cell arrival rate: 2.0
Macro cell idle power: 1.0 * busy power
Small cell arrival rate: 4.0
Small cell setup time  : 0.05
Small cell idle timer  : 1.0

----------------------
Macro_Small	Macro_Small	Macro_Small	Macro_Small	Macro_Small
[445096, 0]	[16868, 871310]	[16548, 872382]	[16723, 870801]	[16652, 872043]
[444611, 0]	[6538, 881835]	[6645, 881342]	[6683, 883744]	[6522, 883480]
[444056, 0]	[0, 887435]	[0, 887308]	[0, 888383]	[0, 890842]
[444056, 0]	[0, 887435]	[0, 887308]	[0, 888383]	[0, 890842]
[444056, 0]	[0, 887435]	[0, 887308]	[0, 888383]	[0, 890842]
[444056, 0]	[0, 887435]	[0, 887308]	[0, 888383]	[0, 890842]
[444056, 0]	[0, 887435]	[0, 887308]	[0, 888383]	[0, 890842]
[444056, 0]	[0, 887435]	[0, 887308]	[0, 888383]	[0, 890842]
[444056, 0]	[0, 887435]	[0, 887308]	[0, 888383]	[0, 890842]
[444056, 0]	[0, 887435]	[0, 887308]	[0, 888383]	[0, 890842]
[444056, 0]	[0, 887435]	[0, 887308]	[0, 888383]	[0, 890842]
[444056, 0]	[0, 887435]	[0, 887308]	[0, 888383]	[0, 890842]
[444056, 0]	[0, 887435]	[0, 887308]	[0, 888383]	[0, 890842]
[444056, 0]	[0, 887435]	[0, 887308]	[0, 888383]	[0, 890842]
[444056, 0]	[0, 887435]	[0, 887308]	[0, 888383]	[0, 890842]
[444056, 0]	[0, 887435]	[0, 887308]	[0, 888383]	[0, 890842]
[444056, 0]	[0, 887435]	[0, 887308]	[0, 888383]	[0, 890842]
[444056, 0]	[0, 887435]	[0, 887308]	[0, 888383]	[0, 890842]
[444056, 0]	[0, 887435]	[0, 887308]	[0, 888383]	[0, 890842]
[444056, 0]	[0, 887435]	[0, 887308]	[0, 888383]	[0, 890842]
[444056, 0]	[0, 887435]	[0, 887308]	[0, 888383]	[0, 890842]
