[308214, 0]	[35492, 886204]	[35776, 888334]	[35696, 888489]	[35559, 886745]
[307531, 0]	[34393, 890128]	[35590, 888402]	[36116, 886741]	[34666, 887000]
[307005, 0]	[0, 923851]	[0, 923704]	[0, 923210]	[0, 925070]
[307005, 0]	[0, 923851]	[0, 923704]	[0, 923210]	[0, 925070]
[307005, 0]	[0, 923851]	[0, 923704]	[0, 923210]	[0, 925070]
[307005, 0]	[0, 923851]	[0, 923704]	[0, 923210]	[0, 925070]
[307005, 0]	[0, 923851]	[0, 923704]	[0, 923210]	[0, 925070]
[307005, 0]	[0, 923851]	[0, 923704]	[0, 923210]	[0, 925070]
[307005, 0]	[0, 923851]	[0, 923704]	[0, 923210]	[0, 925070]
[307005, 0]	[0, 923851]	[0, 923704]	[0, 923210]	[0, 925070]
[307005, 0]	[0, 923851]	[0, 923704]	[0, 923210]	[0, 925070]
[307005, 0]	[0, 923851]	[0, 923704]	[0, 923210]	[0, 925070]
[307005, 0]	[0, 923851]	[0, 923704]	[0, 923210]	[0, 925070]
[307005, 0]	[0, 923851]	[0, 923704]	[0, 923210]	[0, 925070]
[307005, 0]	[0, 923851]	[0, 923704]	[0, 923210]	[0, 925070]
[307005, 0]	[0, 923851]	[0, 923704]	[0, 923210]	[0, 925070]
[307005, 0]	[0, 923851]	[0, 923704]	[0, 923210]	[0, 925070]
[307005, 0]	[0, 923851]	[0, 923704]	[0, 923210]	[0, 925070]
[307005, 0]	[0, 923851]	[0, 923704]	[0, 923210]	[0, 925070]
[307005, 0]	[0, 923851]	[0, 923704]	[0, 923210]	[0, 925070]
[307005, 0]	[0, 923851]	[0, 923704]	[0, 923210]	[0, 925070]

=======================
2017-11-06 17:32:23
Macro cell arrival rate: 2.0
Macro cell idle power: 1.0 * busy power
Small cell arrival rate: 6.0
Small cell setup time  : 0.05
Small cell idle timer  : 21.33

----------------------
Macro_Small	Macro_Small	Macro_Small	Macro_Small	Macro_Small
[308307, 0]	[35598, 887754]	[36012, 887399]	[35584, 888340]	[35856, 887150]
[308086, 0]	[8717, 915977]	[8326, 913061]	[8880, 915193]	[8737, 914405]
[308643, 0]	[0, 924306]	[0, 923921]	[0, 923524]	[0, 923621]
[308643, 0]	[0, 924306]	[0, 923921]	[0, 923524]	[0, 923621]
[308643, 0]	[0, 924306]	[0, 923921]	[0, 923524]	[0, 923621]
[308643, 0]	[0, 924306]	[0, 923921]	[0, 923524]	[0, 923621]
[308643, 0]	[0, 924306]	[0, 923921]	[0, 923524]	[0, 923621]
[308643, 0]	[0, 924306]	[0, 923921]	[0, 923524]	[0, 923621]
[308643, 0]	[0, 924306]	[0, 923921]	[0, 923524]	[0, 923621]
[308643, 0]	[0, 924306]	[0, 923921]	[0, 923524]	[0, 923621]
[308643, 0]	[0, 924306]	[0, 923921]	[0, 923524]	[0, 923621]
[308643, 0]	[0, 924306]	[0, 923921]	[0, 923524]	[0, 923621]
[308643, 0]	[0, 924306]	[0, 923921]	[0, 923524]	[0, 923621]
[308643, 0]	[0, 924306]	[0, 923921]	[0, 923524]	[0, 923621]
[308643, 0]	[0, 924306]	[0, 923921]	[0, 923524]	[0, 923621]
[308643, 0]	[0, 924306]	[0, 923921]	[0, 923524]	[0, 923621]
[308643, 0]	[0, 924306]	[0, 923921]	[0, 923524]	[0, 923621]
[308643, 0]	[0, 924306]	[0, 923921]	[0, 923524]	[0, 923621]
[308643, 0]	[0, 924306]	[0, 923921]	[0, 923524]	[0, 923621]
[308643, 0]	[0, 924306]	[0, 923921]	[0, 923524]	[0, 923621]
[308643, 0]	[0, 924306]	[0, 923921]	[0, 923524]	[0, 923621]
