[444616, 0]	[16940, 869540]	[16985, 871494]	[16818, 872689]	[16752, 872796]
[445116, 0]	[384850, 503956]	[383960, 502874]	[385070, 503617]	[384796, 504278]
[444768, 0]	[1, 889856]	[1, 889992]	[0, 888464]	[0, 888693]
[444818, 0]	[1759, 888554]	[1747, 887272]	[1349, 886841]	[1814, 888097]
[445313, 0]	[252156, 636644]	[251004, 636225]	[252631, 636339]	[251876, 636489]
[444686, 0]	[625, 887027]	[511, 888299]	[563, 888624]	[537, 888414]
[445140, 0]	[10301, 878594]	[9898, 880552]	[10340, 878580]	[10224, 877245]
[444692, 0]	[148891, 740383]	[148638, 739359]	[148579, 739654]	[149165, 740632]
[443877, 0]	[15998, 872845]	[16201, 870884]	[15639, 873645]	[15503, 872265]
[443782, 0]	[145627, 742570]	[146200, 741895]	[146506, 744063]	[146775, 741487]
[444662, 0]	[20006, 869558]	[19924, 869028]	[19593, 869183]	[19592, 867736]
[444811, 0]	[142429, 745503]	[142651, 746069]	[142983, 746152]	[142517, 746556]
[443889, 0]	[20456, 868687]	[19252, 870027]	[19945, 869658]	[19933, 868295]
[444447, 0]	[142119, 747109]	[143004, 746469]	[141840, 746721]	[142969, 745350]
[444008, 0]	[24925, 863855]	[24193, 863365]	[24197, 866441]	[23929, 864687]
[443637, 0]	[37607, 851131]	[37740, 851019]	[37517, 851188]	[37193, 851626]
[443782, 0]	[145627, 742570]	[146200, 741895]	[146506, 744063]	[146775, 741487]
[444473, 0]	[30555, 860056]	[30087, 858121]	[29464, 858471]	[30983, 856666]
[444261, 0]	[140993, 748038]	[140992, 747174]	[140523, 746840]	[141397, 748793]
[445090, 0]	[24321, 863042]	[24511, 864144]	[24848, 864283]	[24132, 866004]
[443637, 0]	[37607, 851131]	[37740, 851019]	[37517, 851188]	[37194, 851625]

=======================
2017-11-06 17:32:51
Macro cell arrival rate: 2.0
Macro cell idle power: 0.7 * busy power
Small cell arrival rate: 4.0
Small cell setup time  : 0.05
Small cell idle timer  : 0.0

----------------------
Macro_Small	Macro_Small	Macro_Small	Macro_Small	Macro_Small
[445687, 0]	[16871, 872615]	[16849, 872267]	[17063, 871352]	[16895, 873678]
[445193, 0]	[19090, 870595]	[18685, 869337]	[18789, 869955]	[18546, 869145]
[444372, 0]	[0, 888644]	[0, 888654]	[0, 888270]	[0, 888147]
[444372, 0]	[0, 888644]	[0, 888654]	[0, 888270]	[0, 888147]
[444372, 0]	[0, 888644]	[0, 888654]	[0, 888270]	[0, 888147]
[444372, 0]	[0, 888644]	[0, 888654]	[0, 888270]	[0, 888147]
[444372, 0]	[0, 888644]	[0, 888654]	[0, 888270]	[0, 888147]
[444372, 0]	[0, 888644]	[0, 888654]	[0, 888270]	[0, 888147]
[444372, 0]	[0, 888644]	[0, 888654]	[0, 888270]	[0, 888147]
[444372, 0]	[0, 888644]	[0, 888654]	[0, 888270]	[0, 888147]
[444372, 0]	[0, 888644]	[0, 888654]	[0, 888270]	[0, 888147]
[444372, 0]	[0, 888644]	[0, 888654]	[0, 888270]	[0, 888147]
[444372, 0]	[0, 888644]	[0, 888654]	[0, 888270]	[0, 888147]
[444372, 0]	[0, 888644]	[0, 888654]	[0, 888270]	[0, 888147]
[444372, 0]	[0, 888644]	[0, 888654]	[0, 888270]	[0, 888147]
[444372, 0]	[0, 888644]	[0, 888654]	[0, 888270]	[0, 888147]
[444372, 0]	[0, 888644]	[0, 888654]	[0, 888270]	[0, 888147]
[444372, 0]	[0, 888644]	[0, 888654]	[0, 888270]	[0, 888147]
[444372, 0]	[0, 888644]	[0, 888654]	[0, 888270]	[0, 888147]
[444372, 0]	[0, 888644]	[0, 888654]	[0, 888270]	[0, 888147]
[444372, 0]	[0, 888644]	[0, 888654]	[0, 888270]	[0, 888147]
