[443400, 0]	[16808, 874291]	[16845, 872926]	[16790, 871288]	[16891, 871982]
[444399, 0]	[369590, 519986]	[369228, 520602]	[369137, 519389]	[369039, 520196]
[444672, 0]	[0, 890767]	[0, 888094]	[0, 890478]	[0, 890139]
[444672, 0]	[0, 890767]	[0, 888094]	[0, 890478]	[0, 890139]
[444672, 0]	[0, 890767]	[0, 888094]	[0, 890478]	[0, 890139]
[444672, 0]	[0, 890767]	[0, 888094]	[0, 890478]	[0, 890139]
[444672, 0]	[0, 890767]	[0, 888094]	[0, 890478]	[0, 890139]
[444672, 0]	[0, 890767]	[0, 888094]	[0, 890478]	[0, 890139]
[444672, 0]	[0, 890767]	[0, 888094]	[0, 890478]	[0, 890139]
[444672, 0]	[0, 890767]	[0, 888094]	[0, 890478]	[0, 890139]
[444672, 0]	[0, 890767]	[0, 888094]	[0, 890478]	[0, 890139]
[444672, 0]	[0, 890767]	[0, 888094]	[0, 890478]	[0, 890139]
[444672, 0]	[0, 890767]	[0, 888094]	[0, 890478]	[0, 890139]
[444672, 0]	[0, 890767]	[0, 888094]	[0, 890478]	[0, 890139]
[444672, 0]	[0, 890767]	[0, 888094]	[0, 890478]	[0, 890139]
[444672, 0]	[0, 890767]	[0, 888094]	[0, 890478]	[0, 890139]
[444672, 0]	[0, 890767]	[0, 888094]	[0, 890478]	[0, 890139]
[444672, 0]	[0, 890767]	[0, 888094]	[0, 890478]	[0, 890139]
[444672, 0]	[0, 890767]	[0, 888094]	[0, 890478]	[0, 890139]
[444672, 0]	[0, 890767]	[0, 888094]	[0, 890478]	[0, 890139]
[444672, 0]	[0, 890767]	[0, 888094]	[0, 890478]	[0, 890139]

=======================
2017-11-06 17:33:18
Macro cell arrival rate: 2.0
Macro cell idle power: 1.0 * busy power
Small cell arrival rate: 4.0
Small cell setup time  : 0.05
Small cell idle timer  : 0.25

----------------------
Macro_Small	Macro_Small	Macro_Small	Macro_Small	Macro_Small
[444472, 0]	[16686, 872526]	[16919, 871986]	[17073, 872377]	[16837, 871446]
[444717, 0]	[11811, 876850]	[11855, 877316]	[11688, 876700]	[11859, 878393]
[443585, 0]	[0, 889192]	[0, 888958]	[0, 889952]	[0, 888765]
[443585, 0]	[0, 889192]	[0, 888958]	[0, 889952]	[0, 888765]
[443585, 0]	[0, 889192]	[0, 888958]	[0, 889952]	[0, 888765]
[443585, 0]	[0, 889192]	[0, 888958]	[0, 889952]	[0, 888765]
[443585, 0]	[0, 889192]	[0, 888958]	[0, 889952]	[0, 888765]
[443585, 0]	[0, 889192]	[0, 888958]	[0, 889952]	[0, 888765]
[443585, 0]	[0, 889192]	[0, 888958]	[0, 889952]	[0, 888765]
[443585, 0]	[0, 889192]	[0, 888958]	[0, 889952]	[0, 888765]
[443585, 0]	[0, 889192]	[0, 888958]	[0, 889952]	[0, 888765]
[443585, 0]	[0, 889192]	[0, 888958]	[0, 889952]	[0, 888765]
[443585, 0]	[0, 889192]	[0, 888958]	[0, 889952]	[0, 888765]
[443585, 0]	[0, 889192]	[0, 888958]	[0, 889952]	[0, 888765]
[443585, 0]	[0, 889192]	[0, 888958]	[0, 889952]	[0, 888765]
[443585, 0]	[0, 889192]	[0, 888958]	[0, 889952]	[0, 888765]
[443585, 0]	[0, 889192]	[0, 888958]	[0, 889952]	[0, 888765]
[443585, 0]	[0, 889192]	[0, 888958]	[0, 889952]	[0, 888765]
[443585, 0]	[0, 889192]	[0, 888958]	[0, 889952]	[0, 888765]
[443585, 0]	[0, 889192]	[0, 888958]	[0, 889952]	[0, 888765]
[443585, 0]	[0, 889192]	[0, 888958]	[0, 889952]	[0, 888765]
