[306617, 0]	[35382, 888211]	[35805, 887935]	[35960, 886697]	[35585, 888250]
[308827, 0]	[11715, 911240]	[11864, 913125]	[11498, 909238]	[11699, 911795]
[307492, 0]	[0, 924846]	[0, 923643]	[0, 922078]	[0, 924149]
[307492, 0]	[0, 924846]	[0, 923643]	[0, 922078]	[0, 924149]
[307492, 0]	[0, 924846]	[0, 923643]	[0, 922078]	[0, 924149]
[307492, 0]	[0, 924846]	[0, 923643]	[0, 922078]	[0, 924149]
[307492, 0]	[0, 924846]	[0, 923643]	[0, 922078]	[0, 924149]
[307492, 0]	[0, 924846]	[0, 923643]	[0, 922078]	[0, 924149]
[307492, 0]	[0, 924846]	[0, 923643]	[0, 922078]	[0, 924149]
[307492, 0]	[0, 924846]	[0, 923643]	[0, 922078]	[0, 924149]
[307492, 0]	[0, 924846]	[0, 923643]	[0, 922078]	[0, 924149]
[307492, 0]	[0, 924846]	[0, 923643]	[0, 922078]	[0, 924149]
[307492, 0]	[0, 924846]	[0, 923643]	[0, 922078]	[0, 924149]
[307492, 0]	[0, 924846]	[0, 923643]	[0, 922078]	[0, 924149]
[307492, 0]	[0, 924846]	[0, 923643]	[0, 922078]	[0, 924149]
[307492, 0]	[0, 924846]	[0, 923643]	[0, 922078]	[0, 924149]
[307492, 0]	[0, 924846]	[0, 923643]	[0, 922078]	[0, 924149]
[307492, 0]	[0, 924846]	[0, 923643]	[0, 922078]	[0, 924149]
[307492, 0]	[0, 924846]	[0, 923643]	[0, 922078]	[0, 924149]
[307492, 0]	[0, 924846]	[0, 923643]	[0, 922078]	[0, 924149]
[307492, 0]	[0, 924846]	[0, 923643]	[0, 922078]	[0, 924149]

=======================
2017-11-06 17:32:26
Macro cell arrival rate: 2.0
Macro cell idle power: 1.0 * busy power
Small cell arrival rate: 6.0
Small cell setup time  : 0.05
Small cell idle timer  : 170.67

----------------------
Macro_Small	Macro_Small	Macro_Small	Macro_Small	Macro_Small
[307904, 0]	[35729, 885480]	[36144, 888735]	[35827, 886167]	[35624, 888309]
[307062, 0]	[8486, 914995]	[8535, 915287]	[8593, 913715]	[8466, 913744]
[307316, 0]	[0, 922189]	[0, 924350]	[0, 923478]	[0, 921819]
[307316, 0]	[0, 922189]	[0, 924350]	[0, 923478]	[0, 921819]
[307316, 0]	[0, 922189]	[0, 924350]	[0, 923478]	[0, 921819]
[307316, 0]	[0, 922189]	[0, 924350]	[0, 923478]	[0, 921819]
[307316, 0]	[0, 922189]	[0, 924350]	[0, 923478]	[0, 921819]
[307316, 0]	[0, 922189]	[0, 924350]	[0, 923478]	[0, 921819]
[307316, 0]	[0, 922189]	[0, 924350]	[0, 923478]	[0, 921819]
[307316, 0]	[0, 922189]	[0, 924350]	[0, 923478]	[0, 921819]
[307316, 0]	[0, 922189]	[0, 924350]	[0, 923478]	[0, 921819]
[307316, 0]	[0, 922189]	[0, 924350]	[0, 923478]	[0, 921819]
[307316, 0]	[0, 922189]	[0, 924350]	[0, 923478]	[0, 921819]
[307316, 0]	[0, 922189]	[0, 924350]	[0, 923478]	[0, 921819]
[307316, 0]	[0, 922189]	[0, 924350]	[0, 923478]	[0, 921819]
[307316, 0]	[0, 922189]	[0, 924350]	[0, 923478]	[0, 921819]
[307316, 0]	[0, 922189]	[0, 924350]	[0, 923478]	[0, 921819]
[307316, 0]	[0, 922189]	[0, 924350]	[0, 923478]	[0, 921819]
[307316, 0]	[0, 922189]	[0, 924350]	[0, 923478]	[0, 921819]
[307316, 0]	[0, 922189]	[0, 924350]	[0, 923478]	[0, 921819]
[307316, 0]	[0, 922189]	[0, 924350]	[0, 923478]	[0, 921819]
