[211079, 0]	[49178, 897649]	[49667, 898876]	[49216, 897682]	[49141, 899245]
[209362, 0]	[149146, 797599]	[148010, 798804]	[148886, 798793]	[148697, 798355]
[210603, 0]	[0, 948744]	[0, 947474]	[0, 946710]	[0, 945803]
[210603, 0]	[0, 948744]	[0, 947474]	[0, 946710]	[0, 945803]
[210603, 0]	[0, 948744]	[0, 947474]	[0, 946710]	[0, 945803]
[210603, 0]	[0, 948744]	[0, 947474]	[0, 946710]	[0, 945803]
[210603, 0]	[0, 948744]	[0, 947474]	[0, 946710]	[0, 945803]
[210603, 0]	[0, 948744]	[0, 947474]	[0, 946710]	[0, 945803]
[210603, 0]	[0, 948744]	[0, 947474]	[0, 946710]	[0, 945803]
[210603, 0]	[0, 948744]	[0, 947474]	[0, 946710]	[0, 945803]
[210603, 0]	[0, 948744]	[0, 947474]	[0, 946710]	[0, 945803]
[210603, 0]	[0, 948744]	[0, 947474]	[0, 946710]	[0, 945803]
[210603, 0]	[0, 948744]	[0, 947474]	[0, 946710]	[0, 945803]
[210603, 0]	[0, 948744]	[0, 947474]	[0, 946710]	[0, 945803]
[210603, 0]	[0, 948744]	[0, 947474]	[0, 946710]	[0, 945803]
[210603, 0]	[0, 948744]	[0, 947474]	[0, 946710]	[0, 945803]
[210603, 0]	[0, 948744]	[0, 947474]	[0, 946710]	[0, 945803]
[210603, 0]	[0, 948744]	[0, 947474]	[0, 946710]	[0, 945803]
[210603, 0]	[0, 948744]	[0, 947474]	[0, 946710]	[0, 945803]
[210603, 0]	[0, 948744]	[0, 947474]	[0, 946710]	[0, 945803]
[210603, 0]	[0, 948744]	[0, 947474]	[0, 946710]	[0, 945803]

=======================
2017-11-06 17:32:19
Macro cell arrival rate: 2.0
Macro cell idle power: 1.0 * busy power
Small cell arrival rate: 9.0
Small cell setup time  : 0.05
Small cell idle timer  : 0.89

----------------------
Macro_Small	Macro_Small	Macro_Small	Macro_Small	Macro_Small
[210088, 0]	[48840, 897473]	[48888, 899021]	[49572, 897440]	[49521, 897612]
[210853, 0]	[28918, 919590]	[28846, 918875]	[28733, 918642]	[28751, 918883]
[210347, 0]	[0, 947950]	[0, 946441]	[0, 945860]	[0, 948806]
[210347, 0]	[0, 947950]	[0, 946441]	[0, 945860]	[0, 948806]
[210347, 0]	[0, 947950]	[0, 946441]	[0, 945860]	[0, 948806]
[210347, 0]	[0, 947950]	[0, 946441]	[0, 945860]	[0, 948806]
[210347, 0]	[0, 947950]	[0, 946441]	[0, 945860]	[0, 948806]
[210347, 0]	[0, 947950]	[0, 946441]	[0, 945860]	[0, 948806]
[210347, 0]	[0, 947950]	[0, 946441]	[0, 945860]	[0, 948806]
[210347, 0]	[0, 947950]	[0, 946441]	[0, 945860]	[0, 948806]
[210347, 0]	[0, 947950]	[0, 946441]	[0, 945860]	[0, 948806]
[210347, 0]	[0, 947950]	[0, 946441]	[0, 945860]	[0, 948806]
[210347, 0]	[0, 947950]	[0, 946441]	[0, 945860]	[0, 948806]
[210347, 0]	[0, 947950]	[0, 946441]	[0, 945860]	[0, 948806]
[210347, 0]	[0, 947950]	[0, 946441]	[0, 945860]	[0, 948806]
[210347, 0]	[0, 947950]	[0, 946441]	[0, 945860]	[0, 948806]
[210347, 0]	[0, 947950]	[0, 946441]	[0, 945860]	[0, 948806]
[210347, 0]	[0, 947950]	[0, 946441]	[0, 945860]	[0, 948806]
[210347, 0]	[0, 947950]	[0, 946441]	[0, 945860]	[0, 948806]
[210347, 0]	[0, 947950]	[0, 946441]	[0, 945860]	[0, 948806]
[210347, 0]	[0, 947950]	[0, 946441]	[0, 945860]	[0, 948806]
