[308214, 0]	[35492, 886204]	[35776, 888334]	[35696, 888489]	[35559, 886745]
[307749, 0]	[34397, 888663]	[35873, 888752]	[34921, 888718]	[35197, 885469]
[307820, 0]	[0, 924170]	[0, 925968]	[0, 923924]	[0, 923187]
[307820, 0]	[0, 924170]	[0, 925968]	[0, 923924]	[0, 923187]
[307820, 0]	[0, 924170]	[0, 925968]	[0, 923924]	[0, 923187]
[307820, 0]	[0, 924170]	[0, 925968]	[0, 923924]	[0, 923187]
[307820, 0]	[0, 924170]	[0, 925968]	[0, 923924]	[0, 923187]
[307820, 0]	[0, 924170]	[0, 925968]	[0, 923924]	[0, 923187]
[307820, 0]	[0, 924170]	[0, 925968]	[0, 923924]	[0, 923187]
[307820, 0]	[0, 924170]	[0, 925968]	[0, 923924]	[0, 923187]
[307820, 0]	[0, 924170]	[0, 925968]	[0, 923924]	[0, 923187]
[307820, 0]	[0, 924170]	[0, 925968]	[0, 923924]	[0, 923187]
[307820, 0]	[0, 924170]	[0, 925968]	[0, 923924]	[0, 923187]
[307820, 0]	[0, 924170]	[0, 925968]	[0, 923924]	[0, 923187]
[307820, 0]	[0, 924170]	[0, 925968]	[0, 923924]	[0, 923187]
[307820, 0]	[0, 924170]	[0, 925968]	[0, 923924]	[0, 923187]
[307820, 0]	[0, 924170]	[0, 925968]	[0, 923924]	[0, 923187]
[307820, 0]	[0, 924170]	[0, 925968]	[0, 923924]	[0, 923187]
[307820, 0]	[0, 924170]	[0, 925968]	[0, 923924]	[0, 923187]
[307820, 0]	[0, 924170]	[0, 925968]	[0, 923924]	[0, 923187]
[307820, 0]	[0, 924170]	[0, 925968]	[0, 923924]	[0, 923187]

=======================
2017-11-06 17:34:39
Macro cell arrival rate: 2.0
Macro cell idle power: 0.7 * busy power
Small cell arrival rate: 6.0
Small cell setup time  : 0.05
Small cell idle timer  : 21.33

----------------------
Macro_Small	Macro_Small	Macro_Small	Macro_Small	Macro_Small
[308307, 0]	[35598, 887754]	[36012, 887399]	[35584, 888340]	[35856, 887150]
[307598, 0]	[8642, 913631]	[8772, 914271]	[8739, 913213]	[8607, 914848]
[308079, 0]	[0, 922073]	[0, 922197]	[0, 922686]	[0, 922913]
[308079, 0]	[0, 922073]	[0, 922197]	[0, 922686]	[0, 922913]
[308079, 0]	[0, 922073]	[0, 922197]	[0, 922686]	[0, 922913]
[308079, 0]	[0, 922073]	[0, 922197]	[0, 922686]	[0, 922913]
[308079, 0]	[0, 922073]	[0, 922197]	[0, 922686]	[0, 922913]
[308079, 0]	[0, 922073]	[0, 922197]	[0, 922686]	[0, 922913]
[308079, 0]	[0, 922073]	[0, 922197]	[0, 922686]	[0, 922913]
[308079, 0]	[0, 922073]	[0, 922197]	[0, 922686]	[0, 922913]
[308079, 0]	[0, 922073]	[0, 922197]	[0, 922686]	[0, 922913]
[308079, 0]	[0, 922073]	[0, 922197]	[0, 922686]	[0, 922913]
[308079, 0]	[0, 922073]	[0, 922197]	[0, 922686]	[0, 922913]
[308079, 0]	[0, 922073]	[0, 922197]	[0, 922686]	[0, 922913]
[308079, 0]	[0, 922073]	[0, 922197]	[0, 922686]	[0, 922913]
[308079, 0]	[0, 922073]	[0, 922197]	[0, 922686]	[0, 922913]
[308079, 0]	[0, 922073]	[0, 922197]	[0, 922686]	[0, 922913]
[308079, 0]	[0, 922073]	[0, 922197]	[0, 922686]	[0, 922913]
[308079, 0]	[0, 922073]	[0, 922197]	[0, 922686]	[0, 922913]
[308079, 0]	[0, 922073]	[0, 922197]	[0, 922686]	[0, 922913]
[308079, 0]	[0, 922073]	[0, 922197]	[0, 922686]	[0, 922913]
