[308420, 0]	[35543, 886616]	[35600, 885948]	[35862, 888338]	[35750, 885980]
[307492, 0]	[242676, 680428]	[241544, 682604]	[240956, 680703]	[242660, 681217]
[308022, 0]	[0, 922726]	[0, 922707]	[0, 923940]	[0, 925083]
[308022, 0]	[0, 922726]	[0, 922707]	[0, 923940]	[0, 925083]
[308022, 0]	[0, 922726]	[0, 922707]	[0, 923940]	[0, 925083]
[308022, 0]	[0, 922726]	[0, 922707]	[0, 923940]	[0, 925083]
[308022, 0]	[0, 922726]	[0, 922707]	[0, 923940]	[0, 925083]
[308022, 0]	[0, 922726]	[0, 922707]	[0, 923940]	[0, 925083]
[308022, 0]	[0, 922726]	[0, 922707]	[0, 923940]	[0, 925083]
[308022, 0]	[0, 922726]	[0, 922707]	[0, 923940]	[0, 925083]
[308022, 0]	[0, 922726]	[0, 922707]	[0, 923940]	[0, 925083]
[308022, 0]	[0, 922726]	[0, 922707]	[0, 923940]	[0, 925083]
[308022, 0]	[0, 922726]	[0, 922707]	[0, 923940]	[0, 925083]
[308022, 0]	[0, 922726]	[0, 922707]	[0, 923940]	[0, 925083]
[308022, 0]	[0, 922726]	[0, 922707]	[0, 923940]	[0, 925083]
[308022, 0]	[0, 922726]	[0, 922707]	[0, 923940]	[0, 925083]
[308022, 0]	[0, 922726]	[0, 922707]	[0, 923940]	[0, 925083]
[308022, 0]	[0, 922726]	[0, 922707]	[0, 923940]	[0, 925083]
[308022, 0]	[0, 922726]	[0, 922707]	[0, 923940]	[0, 925083]
[308022, 0]	[0, 922726]	[0, 922707]	[0, 923940]	[0, 925083]
[308022, 0]	[0, 922726]	[0, 922707]	[0, 923940]	[0, 925083]

=======================
2017-11-06 17:34:15
Macro cell arrival rate: 2.0
Macro cell idle power: 0.7 * busy power
Small cell arrival rate: 6.0
Small cell setup time  : 0.05
Small cell idle timer  : 0.33

----------------------
Macro_Small	Macro_Small	Macro_Small	Macro_Small	Macro_Small
[308419, 0]	[35858, 887286]	[35634, 888188]	[35679, 886490]	[35453, 887470]
[307871, 0]	[19663, 904708]	[19649, 903518]	[19547, 903390]	[19279, 903549]
[307328, 0]	[0, 923520]	[0, 921973]	[0, 921732]	[0, 923368]
[307328, 0]	[0, 923520]	[0, 921973]	[0, 921732]	[0, 923368]
[307328, 0]	[0, 923520]	[0, 921973]	[0, 921732]	[0, 923368]
[307328, 0]	[0, 923520]	[0, 921973]	[0, 921732]	[0, 923368]
[307328, 0]	[0, 923520]	[0, 921973]	[0, 921732]	[0, 923368]
[307328, 0]	[0, 923520]	[0, 921973]	[0, 921732]	[0, 923368]
[307328, 0]	[0, 923520]	[0, 921973]	[0, 921732]	[0, 923368]
[307328, 0]	[0, 923520]	[0, 921973]	[0, 921732]	[0, 923368]
[307328, 0]	[0, 923520]	[0, 921973]	[0, 921732]	[0, 923368]
[307328, 0]	[0, 923520]	[0, 921973]	[0, 921732]	[0, 923368]
[307328, 0]	[0, 923520]	[0, 921973]	[0, 921732]	[0, 923368]
[307328, 0]	[0, 923520]	[0, 921973]	[0, 921732]	[0, 923368]
[307328, 0]	[0, 923520]	[0, 921973]	[0, 921732]	[0, 923368]
[307328, 0]	[0, 923520]	[0, 921973]	[0, 921732]	[0, 923368]
[307328, 0]	[0, 923520]	[0, 921973]	[0, 921732]	[0, 923368]
[307328, 0]	[0, 923520]	[0, 921973]	[0, 921732]	[0, 923368]
[307328, 0]	[0, 923520]	[0, 921973]	[0, 921732]	[0, 923368]
[307328, 0]	[0, 923520]	[0, 921973]	[0, 921732]	[0, 923368]
[307328, 0]	[0, 923520]	[0, 921973]	[0, 921732]	[0, 923368]
