[209818, 0]	[48838, 898522]	[49136, 897383]	[49360, 898344]	[49148, 897523]
[210411, 0]	[159394, 788533]	[159701, 786413]	[158822, 788658]	[159689, 789218]
[211082, 0]	[159354, 787585]	[161466, 786136]	[159757, 787331]	[160841, 786502]
[210100, 0]	[161246, 785380]	[160724, 785786]	[161098, 786192]	[160494, 786555]
[209687, 0]	[161511, 786549]	[161498, 786291]	[160626, 786453]	[159539, 788409]
[211311, 0]	[160415, 785444]	[160244, 787681]	[160546, 787414]	[160025, 788145]
[210247, 0]	[161725, 785933]	[161826, 784955]	[159629, 787523]	[159958, 788858]
[210195, 0]	[160978, 786048]	[161431, 785121]	[159103, 788767]	[160645, 786705]
[210804, 0]	[160912, 787419]	[161219, 785406]	[160193, 786831]	[160673, 787439]

=======================
2017-11-06 17:31:44
Macro cell arrival rate: 2.0
Macro cell idle power: 1.0 * busy power
Small cell arrival rate: 9.0
Small cell setup time  : 0.05
Small cell idle timer  : 0.0

----------------------
Macro_Small	Macro_Small	Macro_Small	Macro_Small	Macro_Small
[210548, 0]	[49502, 897018]	[49159, 897764]	[49492, 898949]	[48895, 897397]
[210186, 0]	[53662, 893651]	[53954, 893829]	[54041, 892708]	[54123, 895444]
[211704, 0]	[132135, 814957]	[132188, 815243]	[131759, 815502]	[132245, 817714]
[210272, 0]	[154261, 792854]	[154184, 792294]	[153977, 793998]	[154236, 794384]
[210277, 0]	[156977, 790033]	[157531, 788587]	[157522, 791131]	[157986, 791052]
[210907, 0]	[157025, 791028]	[156993, 790107]	[156845, 788509]	[156942, 790950]
[209945, 0]	[156669, 790327]	[156685, 790561]	[155605, 790785]	[156921, 790285]
[210906, 0]	[155678, 791761]	[156091, 792076]	[156069, 792662]	[154754, 790704]
[210400, 0]	[155388, 791989]	[155295, 792478]	[156054, 793251]	[155826, 792873]
[211228, 0]	[155378, 791964]	[156233, 792932]	[155472, 791397]	[154783, 790926]
[210423, 0]	[156200, 791806]	[155459, 792686]	[155382, 791794]	[155303, 792844]
[210685, 0]	[154908, 791138]	[155798, 791191]	[155190, 792246]	[155577, 792729]
