[1334448, 0]	[0, 665212]	[0, 665016]	[0, 665522]	[0, 666716]
[1332536, 0]	[584761, 82662]	[582811, 83638]	[584841, 84003]	[584172, 83049]
[1333586, 0]	[664476, 1]	[667048, 2]	[666716, 4]	[667629, 3]
[1333586, 0]	[664476, 1]	[667048, 2]	[666716, 4]	[667629, 3]
[1333586, 0]	[664476, 1]	[667048, 2]	[666716, 4]	[667629, 3]
[1333586, 0]	[664476, 1]	[667048, 2]	[666716, 4]	[667629, 3]
[1333586, 0]	[664476, 1]	[667048, 2]	[666716, 4]	[667629, 3]
[1333586, 0]	[664476, 1]	[667048, 2]	[666716, 4]	[667629, 3]
[1333586, 0]	[664476, 1]	[667048, 2]	[666716, 4]	[667629, 3]
[1333586, 0]	[664476, 1]	[667048, 2]	[666716, 4]	[667629, 3]
[1333586, 0]	[664476, 1]	[667048, 2]	[666716, 4]	[667629, 3]
[1333586, 0]	[664476, 1]	[667048, 2]	[666716, 4]	[667629, 3]
[1333586, 0]	[664476, 1]	[667048, 2]	[666716, 4]	[667629, 3]
[1333586, 0]	[664476, 1]	[667048, 2]	[666716, 4]	[667629, 3]
[1333586, 0]	[664476, 1]	[667048, 2]	[666716, 4]	[667629, 3]
[1333586, 0]	[664476, 1]	[667048, 2]	[666716, 4]	[667629, 3]
[1333586, 0]	[664476, 1]	[667048, 2]	[666716, 4]	[667629, 3]
[1333586, 0]	[664476, 1]	[667048, 2]	[666716, 4]	[667629, 3]
[1333586, 0]	[664476, 1]	[667048, 2]	[666716, 4]	[667629, 3]
[1333586, 0]	[664476, 1]	[667048, 2]	[666716, 4]	[667629, 3]
[1333586, 0]	[664476, 1]	[667048, 2]	[666716, 4]	[667629, 3]

=======================
2017-11-06 17:31:58
Macro cell arrival rate: 2.0
Macro cell idle power: 1.0 * busy power
Small cell arrival rate: 1.0
Small cell setup time  : 0.05
Small cell idle timer  : 1.0

----------------------
Macro_Small	Macro_Small	Macro_Small	Macro_Small	Macro_Small
[1334850, 0]	[0, 664595]	[0, 665439]	[0, 667120]	[0, 666392]
[1334134, 0]	[630, 666873]	[643, 664360]	[607, 666335]	[619, 665033]
[1332722, 0]	[0, 665584]	[0, 666602]	[0, 667330]	[0, 667562]
[1332722, 0]	[0, 665584]	[0, 666602]	[0, 667330]	[0, 667562]
[1332722, 0]	[0, 665584]	[0, 666602]	[0, 667330]	[0, 667562]
[1332722, 0]	[0, 665584]	[0, 666602]	[0, 667330]	[0, 667562]
[1332722, 0]	[0, 665584]	[0, 666602]	[0, 667330]	[0, 667562]
[1332722, 0]	[0, 665584]	[0, 666602]	[0, 667330]	[0, 667562]
[1332722, 0]	[0, 665584]	[0, 666602]	[0, 667330]	[0, 667562]
[1332722, 0]	[0, 665584]	[0, 666602]	[0, 667330]	[0, 667562]
[1332722, 0]	[0, 665584]	[0, 666602]	[0, 667330]	[0, 667562]
[1332722, 0]	[0, 665584]	[0, 666602]	[0, 667330]	[0, 667562]
[1332722, 0]	[0, 665584]	[0, 666602]	[0, 667330]	[0, 667562]
[1332722, 0]	[0, 665584]	[0, 666602]	[0, 667330]	[0, 667562]
[1332722, 0]	[0, 665584]	[0, 666602]	[0, 667330]	[0, 667562]
[1332722, 0]	[0, 665584]	[0, 666602]	[0, 667330]	[0, 667562]
[1332722, 0]	[0, 665584]	[0, 666602]	[0, 667330]	[0, 667562]
[1332722, 0]	[0, 665584]	[0, 666602]	[0, 667330]	[0, 667562]
[1332722, 0]	[0, 665584]	[0, 666602]	[0, 667330]	[0, 667562]
[1332722, 0]	[0, 665584]	[0, 666602]	[0, 667330]	[0, 667562]
[1332722, 0]	[0, 665584]	[0, 666602]	[0, 667330]	[0, 667562]
