
=======================
2017-11-03 17:32:08
Macro cell arrival rate: 2
Macro cell idle power: 0.7 * busy power
Small cell arrival rate: 4
Small cell setup time  : 1.0
Small cell idle timer  : 0.0

----------------------
Macro_Small	Macro_Small	Macro_Small	Macro_Small	Macro_Small
[1051, 0]	[36, 1864]	[35, 1956]	[42, 1957]	[45, 1978]
[933, 0]	[882, 1164]	[861, 1136]	[802, 1085]	[880, 1110]
[978, 0]	[0, 2021]	[0, 1977]	[5, 1941]	[4, 2046]
[1042, 0]	[817, 1149]	[819, 1094]	[789, 1147]	[842, 1142]
[1024, 0]	[0, 1998]	[0, 2001]	[7, 2008]	[6, 2002]
[1018, 0]	[388, 1634]	[361, 1623]	[404, 1523]	[375, 1652]
[977, 0]	[20, 1964]	[4, 2035]	[9, 2047]	[6, 1914]
[1028, 0]	[17, 1967]	[47, 1978]	[35, 1967]	[36, 1939]
[966, 0]	[322, 1729]	[326, 1692]	[321, 1607]	[314, 1607]
[978, 0]	[32, 1914]	[28, 1986]	[51, 1967]	[23, 2050]
[978, 0]	[48, 1925]	[58, 1926]	[91, 1915]	[48, 1957]
[966, 0]	[322, 1729]	[326, 1692]	[321, 1607]	[314, 1607]
[1022, 0]	[71, 1883]	[55, 1906]	[54, 1958]	[52, 1997]
[966, 0]	[322, 1729]	[326, 1692]	[321, 1607]	[314, 1607]
[966, 0]	[32, 1946]	[63, 1916]	[74, 1966]	[52, 1949]
[964, 0]	[75, 1935]	[91, 1960]	[76, 1918]	[86, 2003]
[1049, 0]	[321, 1675]	[306, 1731]	[308, 1641]	[327, 1641]
[966, 0]	[32, 1946]	[63, 1916]	[74, 1966]	[52, 1949]
[964, 0]	[75, 1935]	[91, 1960]	[76, 1918]	[86, 2003]
[962, 0]	[291, 1663]	[327, 1647]	[338, 1691]	[333, 1593]
[921, 0]	[92, 1937]	[135, 1924]	[108, 1845]	[74, 1984]
[444720, 0]	[16591, 871841]	[16786, 871800]	[16932, 872448]	[16808, 872133]
[443861, 0]	[257164, 633000]	[258099, 631606]	[256963, 630841]	[257385, 629853]
[444989, 0]	[0, 888951]	[0, 889541]	[0, 888887]	[0, 888820]
[444989, 0]	[0, 888951]	[0, 889541]	[0, 888887]	[0, 888820]
[444989, 0]	[0, 888951]	[0, 889541]	[0, 888887]	[0, 888820]
[444989, 0]	[0, 888951]	[0, 889541]	[0, 888887]	[0, 888820]
[444989, 0]	[0, 888951]	[0, 889541]	[0, 888887]	[0, 888820]
[444989, 0]	[0, 888951]	[0, 889541]	[0, 888887]	[0, 888820]
[444989, 0]	[0, 888951]	[0, 889541]	[0, 888887]	[0, 888820]
[444989, 0]	[0, 888951]	[0, 889541]	[0, 888887]	[0, 888820]
[444989, 0]	[0, 888951]	[0, 889541]	[0, 888887]	[0, 888820]
[444989, 0]	[0, 888951]	[0, 889541]	[0, 888887]	[0, 888820]
[444989, 0]	[0, 888951]	[0, 889541]	[0, 888887]	[0, 888820]
[444989, 0]	[0, 888951]	[0, 889541]	[0, 888887]	[0, 888820]
[444989, 0]	[0, 888951]	[0, 889541]	[0, 888887]	[0, 888820]
[444989, 0]	[0, 888951]	[0, 889541]	[0, 888887]	[0, 888820]
[444989, 0]	[0, 888951]	[0, 889541]	[0, 888887]	[0, 888820]
[444989, 0]	[0, 888951]	[0, 889541]	[0, 888887]	[0, 888820]
[444989, 0]	[0, 888951]	[0, 889541]	[0, 888887]	[0, 888820]
[444989, 0]	[0, 888951]	[0, 889541]	[0, 888887]	[0, 888820]
[444989, 0]	[0, 888951]	[0, 889541]	[0, 888887]	[0, 888820]

=======================
2017-11-06 17:33:45
Macro cell arrival rate: 2.0
Macro cell idle power: 0.7 * busy power
Small cell arrival rate: 4.0
Small cell setup time  : 0.05
Small cell idle timer  : 2.0

----------------------
Macro_Small	Macro_Small	Macro_Small	Macro_Small	Macro_Small
[444812, 0]	[16771, 870659]	[16973, 872746]	[16987, 871280]	[16967, 871745]
[443757, 0]	[4856, 883616]	[4750, 883902]	[4786, 884522]	[4869, 885139]
[445473, 0]	[0, 888992]	[0, 889284]	[0, 889295]	[0, 887430]
[445473, 0]	[0, 888992]	[0, 889284]	[0, 889295]	[0, 887430]
[445473, 0]	[0, 888992]	[0, 889284]	[0, 889295]	[0, 887430]
[445473, 0]	[0, 888992]	[0, 889284]	[0, 889295]	[0, 887430]
[445473, 0]	[0, 888992]	[0, 889284]	[0, 889295]	[0, 887430]
[445473, 0]	[0, 888992]	[0, 889284]	[0, 889295]	[0, 887430]
[445473, 0]	[0, 888992]	[0, 889284]	[0, 889295]	[0, 887430]
[445473, 0]	[0, 888992]	[0, 889284]	[0, 889295]	[0, 887430]
[445473, 0]	[0, 888992]	[0, 889284]	[0, 889295]	[0, 887430]
[445473, 0]	[0, 888992]	[0, 889284]	[0, 889295]	[0, 887430]
[445473, 0]	[0, 888992]	[0, 889284]	[0, 889295]	[0, 887430]
[445473, 0]	[0, 888992]	[0, 889284]	[0, 889295]	[0, 887430]
[445473, 0]	[0, 888992]	[0, 889284]	[0, 889295]	[0, 887430]
[445473, 0]	[0, 888992]	[0, 889284]	[0, 889295]	[0, 887430]
[445473, 0]	[0, 888992]	[0, 889284]	[0, 889295]	[0, 887430]
[445473, 0]	[0, 888992]	[0, 889284]	[0, 889295]	[0, 887430]
[445473, 0]	[0, 888992]	[0, 889284]	[0, 889295]	[0, 887430]
[445473, 0]	[0, 888992]	[0, 889284]	[0, 889295]	[0, 887430]
[445473, 0]	[0, 888992]	[0, 889284]	[0, 889295]	[0, 887430]
