[210432, 0]	[49063, 898961]	[49262, 898811]	[49107, 898387]	[48728, 897155]
[211122, 0]	[26919, 920928]	[26922, 922075]	[26563, 920760]	[26587, 920708]
[210239, 0]	[0, 948095]	[0, 947427]	[0, 946701]	[0, 947321]
[210239, 0]	[0, 948095]	[0, 947427]	[0, 946701]	[0, 947321]
[210239, 0]	[0, 948095]	[0, 947427]	[0, 946701]	[0, 947321]
[210239, 0]	[0, 948095]	[0, 947427]	[0, 946701]	[0, 947321]
[210239, 0]	[0, 948095]	[0, 947427]	[0, 946701]	[0, 947321]
[210239, 0]	[0, 948095]	[0, 947427]	[0, 946701]	[0, 947321]
[210239, 0]	[0, 948095]	[0, 947427]	[0, 946701]	[0, 947321]
[210239, 0]	[0, 948095]	[0, 947427]	[0, 946701]	[0, 947321]
[210239, 0]	[0, 948095]	[0, 947427]	[0, 946701]	[0, 947321]
[210239, 0]	[0, 948095]	[0, 947427]	[0, 946701]	[0, 947321]
[210239, 0]	[0, 948095]	[0, 947427]	[0, 946701]	[0, 947321]
[210239, 0]	[0, 948095]	[0, 947427]	[0, 946701]	[0, 947321]
[210239, 0]	[0, 948095]	[0, 947427]	[0, 946701]	[0, 947321]
[210239, 0]	[0, 948095]	[0, 947427]	[0, 946701]	[0, 947321]
[210239, 0]	[0, 948095]	[0, 947427]	[0, 946701]	[0, 947321]
[210239, 0]	[0, 948095]	[0, 947427]	[0, 946701]	[0, 947321]
[210239, 0]	[0, 948095]	[0, 947427]	[0, 946701]	[0, 947321]
[210239, 0]	[0, 948095]	[0, 947427]	[0, 946701]	[0, 947321]
[210239, 0]	[0, 948095]	[0, 947427]	[0, 946701]	[0, 947321]

=======================
2017-11-06 17:32:28
Macro cell arrival rate: 2.0
Macro cell idle power: 1.0 * busy power
Small cell arrival rate: 9.0
Small cell setup time  : 0.05
Small cell idle timer  : 113.78

----------------------
Macro_Small	Macro_Small	Macro_Small	Macro_Small	Macro_Small
[210166, 0]	[49225, 898350]	[49104, 897961]	[49305, 898608]	[49307, 897613]
[210922, 0]	[23572, 923511]	[23179, 923954]	[23401, 924897]	[23398, 923578]
[210849, 0]	[0, 945955]	[0, 948254]	[0, 946806]	[0, 947814]
[210849, 0]	[0, 945955]	[0, 948254]	[0, 946806]	[0, 947814]
[210849, 0]	[0, 945955]	[0, 948254]	[0, 946806]	[0, 947814]
[210849, 0]	[0, 945955]	[0, 948254]	[0, 946806]	[0, 947814]
[210849, 0]	[0, 945955]	[0, 948254]	[0, 946806]	[0, 947814]
[210849, 0]	[0, 945955]	[0, 948254]	[0, 946806]	[0, 947814]
[210849, 0]	[0, 945955]	[0, 948254]	[0, 946806]	[0, 947814]
[210849, 0]	[0, 945955]	[0, 948254]	[0, 946806]	[0, 947814]
[210849, 0]	[0, 945955]	[0, 948254]	[0, 946806]	[0, 947814]
[210849, 0]	[0, 945955]	[0, 948254]	[0, 946806]	[0, 947814]
[210849, 0]	[0, 945955]	[0, 948254]	[0, 946806]	[0, 947814]
[210849, 0]	[0, 945955]	[0, 948254]	[0, 946806]	[0, 947814]
[210849, 0]	[0, 945955]	[0, 948254]	[0, 946806]	[0, 947814]
[210849, 0]	[0, 945955]	[0, 948254]	[0, 946806]	[0, 947814]
[210849, 0]	[0, 945955]	[0, 948254]	[0, 946806]	[0, 947814]
[210849, 0]	[0, 945955]	[0, 948254]	[0, 946806]	[0, 947814]
[210849, 0]	[0, 945955]	[0, 948254]	[0, 946806]	[0, 947814]
[210849, 0]	[0, 945955]	[0, 948254]	[0, 946806]	[0, 947814]
[210849, 0]	[0, 945955]	[0, 948254]	[0, 946806]	[0, 947814]
