beta,macro_arrival,small_arrival,avg_idle_time,avg_setup_time,num_of_jobs,avg_resp_time,var_resp_time,avg_power
0.00000,2.00,4.00,0.50,1.00,3798268,0.68823,1.00632,1085.90
0.00000,2.00,4.00,0.50,1.00,3797445,0.50403,0.54116,1273.01
0.40238,2.00,4.00,0.50,1.00,3799304,0.69621,1.01932,1073.76
0.50748,2.00,4.00,0.50,1.00,3799304,0.69621,1.01932,1073.76
0.57755,2.00,4.00,0.50,1.00,3799304,0.69621,1.01932,1073.76
0.63010,2.00,4.00,0.50,1.00,3799304,0.69621,1.01932,1073.76
0.67214,2.00,4.00,0.50,1.00,3799304,0.69621,1.01932,1073.76
0.70717,2.00,4.00,0.50,1.00,3799304,0.69621,1.01932,1073.76
0.73720,2.00,4.00,0.50,1.00,3799304,0.69621,1.01932,1073.76
0.76348,2.00,4.00,0.50,1.00,3799304,0.69621,1.01932,1073.76
0.78683,2.00,4.00,0.50,1.00,3799304,0.69621,1.01932,1073.76
0.80785,2.00,4.00,0.50,1.00,3799304,0.69621,1.01932,1073.76
