
beta,macro_arrival,small_arrival,avg_idle_time,avg_setup_time,num_of_jobs,avg_resp_time,var_resp_time,avg_power
0.00000,2.00,12.00,0.83,1.00,3798819,0.62058,1.17662,1240.85
0.00000,2.00,12.00,0.83,1.00,3799717,0.47923,0.69537,1339.43
0.42718,2.00,12.00,0.83,1.00,3799925,0.63573,1.25398,1118.28
0.56253,2.00,12.00,0.83,1.00,3799925,0.63573,1.25398,1118.28
0.65275,2.00,12.00,0.83,1.00,3799925,0.63573,1.25398,1118.28
0.72043,2.00,12.00,0.83,1.00,3799925,0.63573,1.25398,1118.28
0.77456,2.00,12.00,0.83,1.00,3799925,0.63573,1.25398,1118.28
0.81968,2.00,12.00,0.83,1.00,3799925,0.63573,1.25398,1118.28
0.85835,2.00,12.00,0.83,1.00,3799925,0.63573,1.25398,1118.28
0.89218,2.00,12.00,0.83,1.00,3799925,0.63573,1.25398,1118.28
0.92226,2.00,12.00,0.83,1.00,3799925,0.63573,1.25398,1118.28
0.94933,2.00,12.00,0.83,1.00,3799925,0.63573,1.25398,1118.28
