beta,macro_arrival,small_arrival,avg_idle_time,avg_setup_time,num_of_jobs,avg_resp_time,var_resp_time,avg_power
0.00000,2.00,6.00,0.17,1.00,3801295,0.85236,1.24092,1140.72
0.00000,2.00,6.00,0.17,1.00,3799924,0.72561,0.84328,1339.71
0.18080,2.00,6.00,0.17,1.00,3800465,0.87571,1.27341,1101.43
0.19615,2.00,6.00,0.17,1.00,3800465,0.87571,1.27341,1101.43
0.20638,2.00,6.00,0.17,1.00,3800465,0.87571,1.27341,1101.43
0.21406,2.00,6.00,0.17,1.00,3800465,0.87571,1.27341,1101.43
0.22020,2.00,6.00,0.17,1.00,3800465,0.87571,1.27341,1101.43
0.22532,2.00,6.00,0.17,1.00,3800465,0.87571,1.27341,1101.43
0.22970,2.00,6.00,0.17,1.00,3800465,0.87571,1.27341,1101.43
0.23354,2.00,6.00,0.17,1.00,3800465,0.87571,1.27341,1101.43
0.23695,2.00,6.00,0.17,1.00,3800465,0.87571,1.27341,1101.43
0.24002,2.00,6.00,0.17,1.00,3800465,0.87571,1.27341,1101.43
