beta,macro_arrival,small_arrival,avg_idle_time,avg_setup_time,num_of_jobs,avg_resp_time,var_resp_time,avg_power
0.00000,2.00,6.00,0.33,1.00,3797926,0.76665,1.15860,1136.80
0.00000,2.00,6.00,0.33,1.00,3800983,0.63407,0.75757,1331.68
0.27234,2.00,6.00,0.33,1.00,3799341,0.78135,1.18113,1097.09
0.33487,2.00,6.00,0.33,1.00,3799341,0.78135,1.18113,1097.09
0.37655,2.00,6.00,0.33,1.00,3799341,0.78135,1.18113,1097.09
0.40782,2.00,6.00,0.33,1.00,3799341,0.78135,1.18113,1097.09
0.43283,2.00,6.00,0.33,1.00,3799341,0.78135,1.18113,1097.09
0.45367,2.00,6.00,0.33,1.00,3799341,0.78135,1.18113,1097.09
0.47154,2.00,6.00,0.33,1.00,3799341,0.78135,1.18113,1097.09
0.48717,2.00,6.00,0.33,1.00,3799341,0.78135,1.18113,1097.09
0.50107,2.00,6.00,0.33,1.00,3799341,0.78135,1.18113,1097.09
0.51357,2.00,6.00,0.33,1.00,3799341,0.78135,1.18113,1097.09
