
beta,macro_arrival,small_arrival,avg_idle_time,avg_setup_time,num_of_jobs,avg_resp_time,var_resp_time,avg_power
0.00000,2.00,9.00,1.11,1.00,3800688,0.53306,0.93477,1183.12
0.00000,2.00,9.00,1.11,1.00,3802697,0.41458,0.56577,1319.31
0.49183,2.00,9.00,1.11,1.00,3799171,0.55092,1.01075,1102.48
0.66958,2.00,9.00,1.11,1.00,3799171,0.55092,1.01075,1102.48
0.78807,2.00,9.00,1.11,1.00,3799171,0.55092,1.01075,1102.48
0.87695,2.00,9.00,1.11,1.00,3799171,0.55092,1.01075,1102.48
0.94805,2.00,9.00,1.11,1.00,3799171,0.55092,1.01075,1102.48
1.00730,2.00,9.00,1.11,1.00,3799171,0.55092,1.01075,1102.48
1.05808,2.00,9.00,1.11,1.00,3799171,0.55092,1.01075,1102.48
1.10252,2.00,9.00,1.11,1.00,3799171,0.55092,1.01075,1102.48
1.14202,2.00,9.00,1.11,1.00,3799171,0.55092,1.01075,1102.48
1.17757,2.00,9.00,1.11,1.00,3799171,0.55092,1.01075,1102.48
