
beta,macro_arrival,small_arrival,avg_idle_time,avg_setup_time,num_of_jobs,avg_resp_time,var_resp_time,avg_power
0.00000,2.00,9.00,0.44,1.00,3800023,0.72952,1.23798,1193.26
0.00000,2.00,9.00,0.44,1.00,3800650,0.61038,0.83068,1350.72
0.29603,2.00,9.00,0.44,1.00,3798958,0.75344,1.30163,1111.95
0.37252,2.00,9.00,0.44,1.00,3801786,0.75303,1.30593,1112.01
0.42365,2.00,9.00,0.44,1.00,3801786,0.75303,1.30593,1112.01
0.46199,2.00,9.00,0.44,1.00,3801786,0.75303,1.30593,1112.01
0.49267,2.00,9.00,0.44,1.00,3801786,0.75303,1.30593,1112.01
0.51823,2.00,9.00,0.44,1.00,3801786,0.75303,1.30593,1112.01
0.54015,2.00,9.00,0.44,1.00,3801786,0.75303,1.30593,1112.01
0.55932,2.00,9.00,0.44,1.00,3801786,0.75303,1.30593,1112.01
0.57636,2.00,9.00,0.44,1.00,3801786,0.75303,1.30593,1112.01
0.59170,2.00,9.00,0.44,1.00,3801786,0.75303,1.30593,1112.01
