beta,macro_arrival,small_arrival,avg_idle_time,avg_setup_time,num_of_jobs,avg_resp_time,var_resp_time,avg_power
0.00000,2.00,6.00,1.00,1.00,3795892,0.54818,0.88277,1125.62
0.00000,2.00,6.00,1.00,1.00,3800186,0.41534,0.50637,1300.11
0.49108,2.00,6.00,1.00,1.00,3799685,0.56054,0.91707,1086.71
0.66401,2.00,6.00,1.00,1.00,3799685,0.56054,0.91707,1086.71
0.77930,2.00,6.00,1.00,1.00,3799685,0.56054,0.91707,1086.71
0.86577,2.00,6.00,1.00,1.00,3799685,0.56054,0.91707,1086.71
0.93494,2.00,6.00,1.00,1.00,3799685,0.56054,0.91707,1086.71
0.99258,2.00,6.00,1.00,1.00,3799685,0.56054,0.91707,1086.71
1.04199,2.00,6.00,1.00,1.00,3799685,0.56054,0.91707,1086.71
1.08523,2.00,6.00,1.00,1.00,3799685,0.56054,0.91707,1086.71
1.12366,2.00,6.00,1.00,1.00,3799685,0.56054,0.91707,1086.71
1.15824,2.00,6.00,1.00,1.00,3799685,0.56054,0.91707,1086.71
