
beta,macro_arrival,small_arrival,avg_idle_time,avg_setup_time,num_of_jobs,avg_resp_time,var_resp_time,avg_power
0.00000,2.00,12.00,0.33,1.00,3797885,0.80552,1.47781,1248.71
0.00000,2.00,12.00,0.33,1.00,3799796,0.66966,0.98333,1364.93
0.23675,2.00,12.00,0.33,1.00,3799087,0.82918,1.56431,1127.04
0.27536,2.00,12.00,0.33,1.00,3797428,0.82633,1.55140,1125.95
0.30206,2.00,12.00,0.33,1.00,3798716,0.83153,1.57721,1126.21
0.32078,2.00,12.00,0.33,1.00,3799490,0.83763,1.61823,1125.86
0.33454,2.00,12.00,0.33,1.00,3800299,0.84160,1.63031,1126.31
0.34534,2.00,12.00,0.33,1.00,3801105,0.82663,1.55698,1126.04
0.35674,2.00,12.00,0.33,1.00,3799951,0.83062,1.56907,1125.98
0.36621,2.00,12.00,0.33,1.00,3800270,0.83226,1.57684,1125.96
0.37445,2.00,12.00,0.33,1.00,3798041,0.83486,1.61002,1125.75
0.38160,2.00,12.00,0.33,1.00,3800474,0.83718,1.60968,1125.80
