beta,macro_arrival,small_arrival,avg_idle_time,avg_setup_time,num_of_jobs,avg_resp_time,var_resp_time,avg_power
0.00000,2.00,4.00,2.00,1.00,3799539,0.40280,0.64369,1075.85
0.00000,2.00,4.00,2.00,1.00,3795971,0.25261,0.24673,1210.11
0.65381,2.00,4.00,2.00,1.00,3799807,0.40263,0.65059,1063.25
0.90570,2.00,4.00,2.00,1.00,3799807,0.40263,0.65059,1063.25
1.07363,2.00,4.00,2.00,1.00,3799807,0.40263,0.65059,1063.25
1.19957,2.00,4.00,2.00,1.00,3799807,0.40263,0.65059,1063.25
1.30033,2.00,4.00,2.00,1.00,3799807,0.40263,0.65059,1063.25
1.38429,2.00,4.00,2.00,1.00,3799807,0.40263,0.65059,1063.25
1.45626,2.00,4.00,2.00,1.00,3799807,0.40263,0.65059,1063.25
1.51923,2.00,4.00,2.00,1.00,3799807,0.40263,0.65059,1063.25
1.57521,2.00,4.00,2.00,1.00,3799807,0.40263,0.65059,1063.25
1.62559,2.00,4.00,2.00,1.00,3799807,0.40263,0.65059,1063.25
