beta,macro_arrival,small_arrival,avg_idle_time,avg_setup_time,num_of_jobs,avg_resp_time,var_resp_time,avg_power
0.00000,2.00,6.00,0.67,1.00,3801001,0.63533,1.01119,1130.45
0.00000,2.00,6.00,0.67,1.00,3798490,0.50167,0.61544,1316.67
0.40474,2.00,6.00,0.67,1.00,3797767,0.64939,1.03225,1090.60
0.53325,2.00,6.00,0.67,1.00,3797767,0.64939,1.03225,1090.60
0.61893,2.00,6.00,0.67,1.00,3797767,0.64939,1.03225,1090.60
0.68318,2.00,6.00,0.67,1.00,3797767,0.64939,1.03225,1090.60
0.73459,2.00,6.00,0.67,1.00,3797767,0.64939,1.03225,1090.60
0.77742,2.00,6.00,0.67,1.00,3797767,0.64939,1.03225,1090.60
0.81414,2.00,6.00,0.67,1.00,3797767,0.64939,1.03225,1090.60
0.84627,2.00,6.00,0.67,1.00,3797767,0.64939,1.03225,1090.60
0.87482,2.00,6.00,0.67,1.00,3797767,0.64939,1.03225,1090.60
0.90053,2.00,6.00,0.67,1.00,3797767,0.64939,1.03225,1090.60
