
=======================
2017-11-02 00:23:15
Macro cell arrival rate: 2.0
Macro cell idle power: 0.7 * busy power
Small cell arrival rate: 12.0
Small cell setup time  : 1.0
Small cell idle timer  : 0.0

----------------------
Macro_Small	Macro_Small	Macro_Small	Macro_Small	Macro_Small

=======================
2017-11-02 00:23:24
Macro cell arrival rate: 2.0
Macro cell idle power: 0.7 * busy power
Small cell arrival rate: 9.0
Small cell setup time  : 1.0
Small cell idle timer  : 0.22

----------------------
Macro_Small	Macro_Small	Macro_Small	Macro_Small	Macro_Small

=======================
2017-11-02 00:23:24
Macro cell arrival rate: 2.0
Macro cell idle power: 0.7 * busy power
Small cell arrival rate: 12.0
Small cell setup time  : 1.0
Small cell idle timer  : 0.17

----------------------
Macro_Small	Macro_Small	Macro_Small	Macro_Small	Macro_Small

=======================
2017-11-02 00:23:27
Macro cell arrival rate: 2.0
Macro cell idle power: 0.7 * busy power
Small cell arrival rate: 9.0
Small cell setup time  : 1.0
Small cell idle timer  : 1.11

----------------------
Macro_Small	Macro_Small	Macro_Small	Macro_Small	Macro_Small

=======================
2017-11-02 00:23:29
Macro cell arrival rate: 2.0
Macro cell idle power: 0.7 * busy power
Small cell arrival rate: 12.0
Small cell setup time  : 1.0
Small cell idle timer  : 0.08

----------------------
Macro_Small	Macro_Small	Macro_Small	Macro_Small	Macro_Small

=======================
2017-11-02 00:23:35
Macro cell arrival rate: 2.0
Macro cell idle power: 0.7 * busy power
Small cell arrival rate: 12.0
Small cell setup time  : 1.0
Small cell idle timer  : 0.83

----------------------
Macro_Small	Macro_Small	Macro_Small	Macro_Small	Macro_Small
[210259, 0]	[49074, 898590]	[49219, 898625]	[48961, 899554]	[49244, 897386]
[210852, 0]	[49384, 897988]	[49477, 898317]	[48995, 897027]	[49146, 898452]
[159598, 0]	[56151, 902954]	[56146, 903540]	[56565, 904928]	[56138, 902649]
[160620, 0]	[56009, 904218]	[56337, 902667]	[56111, 904658]	[55942, 902118]
[160335, 0]	[55914, 903898]	[56240, 905065]	[56553, 902716]	[56193, 903186]
[159571, 0]	[56479, 902383]	[55870, 904091]	[56247, 903265]	[56053, 903477]
[210211, 0]	[141959, 805673]	[142150, 805539]	[140460, 807033]	[140418, 806025]
[211292, 0]	[157533, 789936]	[157073, 789837]	[157418, 788468]	[157849, 789642]
[160073, 0]	[105238, 854940]	[105552, 853743]	[104427, 854337]	[106775, 853800]
[160188, 0]	[114543, 847501]	[116062, 843706]	[113836, 846617]	[115346, 845705]
[159458, 0]	[116013, 843585]	[114861, 845052]	[116229, 842781]	[115362, 843682]
[159589, 0]	[115107, 845802]	[117545, 842612]	[117083, 841838]	[116412, 844727]
[210990, 0]	[0, 946448]	[0, 948649]	[0, 946838]	[0, 946611]
[210844, 0]	[121, 946483]	[42, 948452]	[51, 948492]	[38, 946358]
[160786, 0]	[0, 959282]	[5, 960351]	[0, 959767]	[0, 958477]
[160475, 0]	[6529, 952200]	[5713, 955558]	[6479, 952948]	[6361, 955119]
[159847, 0]	[27294, 932203]	[25787, 932996]	[25215, 934537]	[26145, 931398]
[210990, 0]	[0, 946448]	[0, 948649]	[0, 946838]	[0, 946611]
[159786, 0]	[110384, 849823]	[110469, 849813]	[112257, 848079]	[111126, 847891]
[209868, 0]	[36, 947064]	[19, 948133]	[30, 946139]	[52, 947936]
[160272, 0]	[0, 958922]	[0, 960668]	[0, 958882]	[0, 958569]
[210990, 0]	[0, 946448]	[0, 948649]	[0, 946838]	[0, 946611]
[160035, 0]	[20632, 938750]	[19755, 939285]	[20642, 937836]	[20172, 936638]
[159416, 0]	[75604, 884203]	[77308, 882728]	[77369, 882878]	[77537, 882014]
[210768, 0]	[14, 947330]	[22, 947424]	[0, 946797]	[24, 947306]
[160272, 0]	[0, 958922]	[0, 960668]	[0, 958882]	[0, 958569]
[210990, 0]	[0, 946448]	[0, 948649]	[0, 946838]	[0, 946611]
[210248, 0]	[2, 946856]	[0, 948099]	[12, 947900]	[0, 947634]
[159912, 0]	[52070, 905607]	[53180, 906926]	[54189, 907238]	[52194, 908261]
[210990, 0]	[0, 946448]	[0, 948649]	[0, 946838]	[0, 946611]
[160272, 0]	[0, 958922]	[0, 960668]	[0, 958882]	[0, 958569]
[210278, 0]	[6, 946794]	[0, 947122]	[0, 946927]	[4, 947814]
[159332, 0]	[50294, 910125]	[48101, 912924]	[48918, 910292]	[48747, 911418]
[210990, 0]	[0, 946448]	[0, 948649]	[0, 946838]	[0, 946611]
[160272, 0]	[0, 958922]	[0, 960668]	[0, 958882]	[0, 958569]
[210777, 0]	[2, 947142]	[0, 948057]	[0, 946956]	[0, 945660]
[210990, 0]	[0, 946448]	[0, 948649]	[0, 946838]	[0, 946611]
[160418, 0]	[46327, 913601]	[46171, 913027]	[45047, 914741]	[45775, 913864]
[160272, 0]	[0, 958922]	[0, 960668]	[0, 958882]	[0, 958569]
[209868, 0]	[0, 947831]	[14, 947191]	[35, 946359]	[0, 946877]
[210990, 0]	[0, 946448]	[0, 948649]	[0, 946838]	[0, 946611]
[160272, 0]	[0, 958922]	[0, 960668]	[0, 958882]	[0, 958569]
[210301, 0]	[0, 947924]	[12, 948841]	[0, 946702]	[0, 947912]
[210990, 0]	[0, 946448]	[0, 948649]	[0, 946838]	[0, 946611]
[160272, 0]	[0, 958922]	[0, 960668]	[0, 958882]	[0, 958569]
[210188, 0]	[0, 948088]	[10, 947706]	[3, 947066]	[0, 946400]
[210990, 0]	[0, 946448]	[0, 948649]	[0, 946838]	[0, 946611]
[210245, 0]	[0, 949058]	[9, 946175]	[0, 946943]	[0, 946867]
[160272, 0]	[0, 958922]	[0, 960668]	[0, 958882]	[0, 958569]
[160272, 0]	[0, 958922]	[0, 960668]	[0, 958882]	[0, 958569]
[210259, 0]	[49074, 898590]	[49219, 898625]	[48961, 899554]	[49244, 897386]
[211079, 0]	[49178, 897649]	[49667, 898876]	[49216, 897682]	[49141, 899245]
[307604, 0]	[36072, 887843]	[35760, 886434]	[35704, 888702]	[36125, 887211]
[209944, 0]	[49311, 899777]	[49057, 896668]	[49123, 898022]	[49334, 898783]
[307334, 0]	[35453, 887333]	[35408, 886646]	[35673, 886320]	[35488, 886499]
[210852, 0]	[49384, 897988]	[49477, 898317]	[48995, 897027]	[49146, 898452]
[307570, 0]	[35735, 886412]	[35595, 887128]	[36007, 887330]	[36051, 888341]
[210942, 0]	[49142, 898416]	[48766, 897266]	[49030, 897235]	[49480, 897757]
[210499, 0]	[48977, 897832]	[48953, 897894]	[49429, 898508]	[49302, 897148]
[307174, 0]	[35422, 887184]	[35815, 887969]	[36003, 887886]	[35992, 887832]
[159598, 0]	[56151, 902954]	[56146, 903540]	[56565, 904928]	[56138, 902649]
[160532, 0]	[56341, 904930]	[56030, 903897]	[56506, 904120]	[56513, 902288]
[160335, 0]	[55914, 903898]	[56240, 905065]	[56553, 902716]	[56193, 903186]
[160167, 0]	[56372, 902820]	[56146, 904865]	[56392, 903137]	[56135, 902171]
[209818, 0]	[48838, 898522]	[49136, 897383]	[49360, 898344]	[49148, 897523]
[160223, 0]	[56783, 905359]	[56242, 902574]	[56440, 904664]	[56041, 902414]
[160620, 0]	[56009, 904218]	[56337, 902667]	[56111, 904658]	[55942, 902118]
[159571, 0]	[56479, 902383]	[55870, 904091]	[56247, 903265]	[56053, 903477]
[307922, 0]	[199474, 722763]	[198068, 723711]	[198023, 724654]	[198100, 725966]
[308152, 0]	[219879, 703207]	[221648, 701084]	[220891, 702084]	[220648, 702820]
[210195, 0]	[140423, 806501]	[140367, 809520]	[141530, 806272]	[141093, 806744]
[307097, 0]	[209462, 711252]	[208547, 712717]	[211396, 712115]	[210925, 713397]
[210542, 0]	[147587, 800044]	[148507, 800419]	[147500, 798595]	[147806, 799479]
[307280, 0]	[233576, 689875]	[233550, 689658]	[231280, 689786]	[233541, 690418]
[210401, 0]	[155791, 793456]	[156354, 789242]	[154326, 793078]	[153742, 793987]
[210006, 0]	[153459, 793757]	[150152, 797095]	[151514, 796980]	[152450, 793765]
[210268, 0]	[158235, 788410]	[158517, 788980]	[158302, 789335]	[156926, 789185]
[210508, 0]	[158216, 788793]	[158904, 787730]	[158129, 790401]	[157897, 789715]
[160202, 0]	[106943, 852336]	[104650, 854237]	[105934, 853495]	[105293, 856637]
[160262, 0]	[110951, 850351]	[109352, 849741]	[112381, 846875]	[111612, 848129]
[210790, 0]	[158780, 788698]	[160183, 787561]	[158338, 788885]	[158399, 788098]
[159763, 0]	[114465, 845890]	[113964, 846283]	[113234, 846437]	[113293, 846674]
[159665, 0]	[115555, 844462]	[114808, 844728]	[116689, 842988]	[116059, 843119]
[160516, 0]	[109663, 849922]	[108541, 850094]	[107966, 850080]	[107463, 852103]
[160147, 0]	[115422, 843377]	[114951, 846745]	[115117, 843828]	[115009, 843622]
[160364, 0]	[117454, 844215]	[115925, 843168]	[115494, 844840]	[116045, 843841]
[307607, 0]	[0, 923232]	[0, 922178]	[0, 922809]	[0, 923685]
[307652, 0]	[0, 921830]	[0, 923676]	[0, 922852]	[0, 923778]
[307415, 0]	[0, 922296]	[0, 922666]	[0, 922723]	[0, 924365]
[210859, 0]	[0, 946242]	[0, 945912]	[0, 948796]	[0, 947047]
[306944, 0]	[0, 922497]	[0, 924355]	[0, 920893]	[0, 923067]
[210765, 0]	[0, 948404]	[0, 946814]	[0, 948412]	[0, 947181]
[210358, 0]	[4, 948821]	[0, 946739]	[0, 946864]	[0, 946185]
[210380, 0]	[0, 946728]	[0, 946346]	[0, 947736]	[0, 946663]
[211027, 0]	[61, 946933]	[73, 947635]	[162, 947124]	[13, 947200]
[210469, 0]	[2712, 945757]	[2542, 944802]	[2585, 945430]	[2292, 945824]
[307607, 0]	[0, 923232]	[0, 922178]	[0, 922809]	[0, 923685]
[159917, 0]	[0, 961269]	[0, 960211]	[0, 958928]	[0, 959265]
[211099, 0]	[130500, 816348]	[130680, 816292]	[129903, 815640]	[131202, 816171]
[160206, 0]	[51, 960877]	[18, 960526]	[99, 957664]	[36, 961428]
[160173, 0]	[525, 959205]	[350, 960116]	[495, 959976]	[381, 958396]
[307415, 0]	[0, 922296]	[0, 922666]	[0, 922723]	[0, 924365]
[159887, 0]	[0, 957857]	[8, 958796]	[14, 961312]	[0, 960476]
[160039, 0]	[26864, 933028]	[27181, 933466]	[26782, 932649]	[27891, 932753]
[307652, 0]	[0, 921830]	[0, 923676]	[0, 922852]	[0, 923778]
[159761, 0]	[5197, 953981]	[5207, 953138]	[4722, 954771]	[5599, 955640]
[306944, 0]	[0, 922497]	[0, 924355]	[0, 920893]	[0, 923067]
[210859, 0]	[0, 946242]	[0, 945912]	[0, 948796]	[0, 947047]
[210765, 0]	[0, 948404]	[0, 946814]	[0, 948412]	[0, 947181]
[159677, 0]	[105439, 854728]	[106260, 853968]	[105602, 855011]	[104745, 855919]
[210285, 0]	[0, 949275]	[0, 947211]	[0, 947469]	[0, 947558]
[210380, 0]	[0, 946728]	[0, 946346]	[0, 947736]	[0, 946663]
[211405, 0]	[33, 945670]	[12, 947777]	[21, 947463]	[29, 948076]
[307607, 0]	[0, 923232]	[0, 922178]	[0, 922809]	[0, 923685]
[210984, 0]	[4562, 943624]	[4432, 943731]	[4405, 942279]	[4508, 944075]
[307415, 0]	[0, 922296]	[0, 922666]	[0, 922723]	[0, 924365]
[307652, 0]	[0, 921830]	[0, 923676]	[0, 922852]	[0, 923778]
[209779, 0]	[20392, 926783]	[20699, 927715]	[21400, 925489]	[20904, 925880]
[159917, 0]	[0, 961269]	[0, 960211]	[0, 958928]	[0, 959265]
[159584, 0]	[51, 959757]	[0, 960152]	[17, 961034]	[2, 960000]
[306944, 0]	[0, 922497]	[0, 924355]	[0, 920893]	[0, 923067]
[159259, 0]	[132, 960308]	[82, 959902]	[190, 958894]	[69, 959696]
[159579, 0]	[0, 960585]	[8, 958973]	[7, 960550]	[0, 958657]
[210859, 0]	[0, 946242]	[0, 945912]	[0, 948796]	[0, 947047]
[159740, 0]	[17402, 942508]	[16967, 942378]	[17870, 942107]	[17611, 942723]
[210765, 0]	[0, 948404]	[0, 946814]	[0, 948412]	[0, 947181]
[159983, 0]	[4261, 955365]	[4629, 953814]	[4695, 955092]	[4666, 956301]
[307607, 0]	[0, 923232]	[0, 922178]	[0, 922809]	[0, 923685]
[210285, 0]	[0, 949275]	[0, 947211]	[0, 947469]	[0, 947558]
[210380, 0]	[0, 946728]	[0, 946346]	[0, 947736]	[0, 946663]
[159857, 0]	[65213, 893690]	[63797, 896368]	[63331, 898665]	[65021, 896737]
[211248, 0]	[15, 944720]	[30, 947972]	[5, 950481]	[16, 946506]
[210542, 0]	[5545, 942022]	[5395, 941216]	[5684, 943015]	[5250, 943653]
[307415, 0]	[0, 922296]	[0, 922666]	[0, 922723]	[0, 924365]
[307652, 0]	[0, 921830]	[0, 923676]	[0, 922852]	[0, 923778]
[306944, 0]	[0, 922497]	[0, 924355]	[0, 920893]	[0, 923067]
[210831, 0]	[47005, 900819]	[46248, 901306]	[46728, 902251]	[46942, 900033]
[159917, 0]	[0, 961269]	[0, 960211]	[0, 958928]	[0, 959265]
[210859, 0]	[0, 946242]	[0, 945912]	[0, 948796]	[0, 947047]
[210765, 0]	[0, 948404]	[0, 946814]	[0, 948412]	[0, 947181]
[159987, 0]	[0, 960265]	[0, 960500]	[19, 958801]	[0, 959558]
[307607, 0]	[0, 923232]	[0, 922178]	[0, 922809]	[0, 923685]
[159603, 0]	[0, 960940]	[0, 958852]	[0, 959470]	[0, 959142]
[159886, 0]	[66, 961159]	[77, 958190]	[84, 959501]	[69, 960135]
[210285, 0]	[0, 949275]	[0, 947211]	[0, 947469]	[0, 947558]
[210380, 0]	[0, 946728]	[0, 946346]	[0, 947736]	[0, 946663]
[307652, 0]	[0, 921830]	[0, 923676]	[0, 922852]	[0, 923778]
[307415, 0]	[0, 922296]	[0, 922666]	[0, 922723]	[0, 924365]
[210712, 0]	[4, 947631]	[3, 946614]	[8, 946854]	[6, 947454]
[160428, 0]	[50339, 910131]	[50527, 910090]	[48299, 910570]	[48071, 913882]
[306944, 0]	[0, 922497]	[0, 924355]	[0, 920893]	[0, 923067]
[307607, 0]	[0, 923232]	[0, 922178]	[0, 922809]	[0, 923685]
[210859, 0]	[0, 946242]	[0, 945912]	[0, 948796]	[0, 947047]
[210765, 0]	[0, 948404]	[0, 946814]	[0, 948412]	[0, 947181]
[159917, 0]	[0, 961269]	[0, 960211]	[0, 958928]	[0, 959265]
[159923, 0]	[0, 960372]	[0, 960652]	[1, 959400]	[0, 958891]
[307652, 0]	[0, 921830]	[0, 923676]	[0, 922852]	[0, 923778]
[307415, 0]	[0, 922296]	[0, 922666]	[0, 922723]	[0, 924365]
[210285, 0]	[0, 949275]	[0, 947211]	[0, 947469]	[0, 947558]
[159603, 0]	[0, 960940]	[0, 958852]	[0, 959470]	[0, 959142]
[210380, 0]	[0, 946728]	[0, 946346]	[0, 947736]	[0, 946663]
[159806, 0]	[37, 960419]	[52, 959394]	[39, 960384]	[28, 960382]
[210807, 0]	[0, 947206]	[9, 948606]	[10, 947358]	[0, 947535]
[306944, 0]	[0, 922497]	[0, 924355]	[0, 920893]	[0, 923067]
[307607, 0]	[0, 923232]	[0, 922178]	[0, 922809]	[0, 923685]
[160270, 0]	[45644, 915338]	[47358, 911378]	[45096, 916308]	[46045, 914297]
[210859, 0]	[0, 946242]	[0, 945912]	[0, 948796]	[0, 947047]
[210765, 0]	[0, 948404]	[0, 946814]	[0, 948412]	[0, 947181]
[307415, 0]	[0, 922296]	[0, 922666]	[0, 922723]	[0, 924365]
[307652, 0]	[0, 921830]	[0, 923676]	[0, 922852]	[0, 923778]
[159917, 0]	[0, 961269]	[0, 960211]	[0, 958928]	[0, 959265]
[210285, 0]	[0, 949275]	[0, 947211]	[0, 947469]	[0, 947558]
[306944, 0]	[0, 922497]	[0, 924355]	[0, 920893]	[0, 923067]
[159861, 0]	[0, 959102]	[0, 960760]	[0, 959048]	[0, 959204]
[210380, 0]	[0, 946728]	[0, 946346]	[0, 947736]	[0, 946663]
[307607, 0]	[0, 923232]	[0, 922178]	[0, 922809]	[0, 923685]
[159603, 0]	[0, 960940]	[0, 958852]	[0, 959470]	[0, 959142]
[159990, 0]	[55, 959961]	[21, 960971]	[60, 959532]	[30, 960733]
[210516, 0]	[25, 949199]	[0, 948837]	[3, 947325]	[0, 947087]
[307415, 0]	[0, 922296]	[0, 922666]	[0, 922723]	[0, 924365]
[307652, 0]	[0, 921830]	[0, 923676]	[0, 922852]	[0, 923778]
[210859, 0]	[0, 946242]	[0, 945912]	[0, 948796]	[0, 947047]
[210765, 0]	[0, 948404]	[0, 946814]	[0, 948412]	[0, 947181]
[306944, 0]	[0, 922497]	[0, 924355]	[0, 920893]	[0, 923067]
[307607, 0]	[0, 923232]	[0, 922178]	[0, 922809]	[0, 923685]
[159917, 0]	[0, 961269]	[0, 960211]	[0, 958928]	[0, 959265]
[210285, 0]	[0, 949275]	[0, 947211]	[0, 947469]	[0, 947558]
[210380, 0]	[0, 946728]	[0, 946346]	[0, 947736]	[0, 946663]
[159861, 0]	[0, 959102]	[0, 960760]	[0, 959048]	[0, 959204]
[210762, 0]	[0, 948378]	[0, 948012]	[2, 947601]	[7, 947390]
[159603, 0]	[0, 960940]	[0, 958852]	[0, 959470]	[0, 959142]
[307415, 0]	[0, 922296]	[0, 922666]	[0, 922723]	[0, 924365]
[160443, 0]	[11, 960744]	[6, 959811]	[5, 960526]	[6, 960651]
[307652, 0]	[0, 921830]	[0, 923676]	[0, 922852]	[0, 923778]
[210859, 0]	[0, 946242]	[0, 945912]	[0, 948796]	[0, 947047]
[210765, 0]	[0, 948404]	[0, 946814]	[0, 948412]	[0, 947181]
[306944, 0]	[0, 922497]	[0, 924355]	[0, 920893]	[0, 923067]
[307607, 0]	[0, 923232]	[0, 922178]	[0, 922809]	[0, 923685]
[210285, 0]	[0, 949275]	[0, 947211]	[0, 947469]	[0, 947558]
[159917, 0]	[0, 961269]	[0, 960211]	[0, 958928]	[0, 959265]
[210380, 0]	[0, 946728]	[0, 946346]	[0, 947736]	[0, 946663]
[307415, 0]	[0, 922296]	[0, 922666]	[0, 922723]	[0, 924365]
[307652, 0]	[0, 921830]	[0, 923676]	[0, 922852]	[0, 923778]
[210737, 0]	[0, 948123]	[18, 948012]	[0, 946149]	[0, 947241]
[159861, 0]	[0, 959102]	[0, 960760]	[0, 959048]	[0, 959204]
[306944, 0]	[0, 922497]	[0, 924355]	[0, 920893]	[0, 923067]
[159603, 0]	[0, 960940]	[0, 958852]	[0, 959470]	[0, 959142]
[210859, 0]	[0, 946242]	[0, 945912]	[0, 948796]	[0, 947047]
[160407, 0]	[11, 960611]	[1, 959333]	[17, 959558]	[3, 961078]
[210765, 0]	[0, 948404]	[0, 946814]	[0, 948412]	[0, 947181]
[210285, 0]	[0, 949275]	[0, 947211]	[0, 947469]	[0, 947558]
[210380, 0]	[0, 946728]	[0, 946346]	[0, 947736]	[0, 946663]
[159917, 0]	[0, 961269]	[0, 960211]	[0, 958928]	[0, 959265]
[210870, 0]	[0, 948669]	[14, 947991]	[0, 945918]	[0, 946933]
[159861, 0]	[0, 959102]	[0, 960760]	[0, 959048]	[0, 959204]
[210859, 0]	[0, 946242]	[0, 945912]	[0, 948796]	[0, 947047]
[210765, 0]	[0, 948404]	[0, 946814]	[0, 948412]	[0, 947181]
[159851, 0]	[23, 960079]	[4, 960322]	[5, 960581]	[2, 960513]
[159603, 0]	[0, 960940]	[0, 958852]	[0, 959470]	[0, 959142]
[210285, 0]	[0, 949275]	[0, 947211]	[0, 947469]	[0, 947558]
[210380, 0]	[0, 946728]	[0, 946346]	[0, 947736]	[0, 946663]
[211048, 0]	[0, 947887]	[12, 947715]	[0, 946383]	[0, 947373]
[159917, 0]	[0, 961269]	[0, 960211]	[0, 958928]	[0, 959265]
[159861, 0]	[0, 959102]	[0, 960760]	[0, 959048]	[0, 959204]
[159603, 0]	[0, 960940]	[0, 958852]	[0, 959470]	[0, 959142]
[159603, 0]	[3, 959744]	[37, 959159]	[0, 959709]	[4, 960888]
[159917, 0]	[0, 961269]	[0, 960211]	[0, 958928]	[0, 959265]
[159861, 0]	[0, 959102]	[0, 960760]	[0, 959048]	[0, 959204]
[159603, 0]	[0, 960940]	[0, 958852]	[0, 959470]	[0, 959142]
[159270, 0]	[0, 959281]	[6, 960544]	[6, 961254]	[0, 961228]
