beta,macro_arrival,small_arrival,avg_idle_time,avg_setup_time,num_of_jobs,avg_resp_time,var_resp_time,avg_power
0.00000,2.00,4.00,1.50,1.00,3802430,0.45857,0.72245,1078.18
0.00000,2.00,4.00,1.50,1.00,3802955,0.29673,0.30155,1229.48
0.60968,2.00,4.00,1.50,1.00,3801684,0.46607,0.74365,1065.65
0.82985,2.00,4.00,1.50,1.00,3801684,0.46607,0.74365,1065.65
0.97663,2.00,4.00,1.50,1.00,3801684,0.46607,0.74365,1065.65
1.08671,2.00,4.00,1.50,1.00,3801684,0.46607,0.74365,1065.65
1.17478,2.00,4.00,1.50,1.00,3801684,0.46607,0.74365,1065.65
1.24817,2.00,4.00,1.50,1.00,3801684,0.46607,0.74365,1065.65
1.31108,2.00,4.00,1.50,1.00,3801684,0.46607,0.74365,1065.65
1.36612,2.00,4.00,1.50,1.00,3801684,0.46607,0.74365,1065.65
1.41504,2.00,4.00,1.50,1.00,3801684,0.46607,0.74365,1065.65
1.45908,2.00,4.00,1.50,1.00,3801684,0.46607,0.74365,1065.65
