beta,macro_arrival,small_arrival,avg_idle_time,avg_setup_time,num_of_jobs,avg_resp_time,var_resp_time,avg_power
0.00000,2.00,6.00,1.33,1.00,3799772,0.48175,0.78864,1122.82
0.00000,2.00,6.00,1.33,1.00,3796259,0.35612,0.42380,1284.41
0.55030,2.00,6.00,1.33,1.00,3798800,0.49293,0.82381,1083.25
0.75704,2.00,6.00,1.33,1.00,3798800,0.49293,0.82381,1083.25
0.89486,2.00,6.00,1.33,1.00,3798800,0.49293,0.82381,1083.25
0.99823,2.00,6.00,1.33,1.00,3798800,0.49293,0.82381,1083.25
1.08093,2.00,6.00,1.33,1.00,3798800,0.49293,0.82381,1083.25
1.14984,2.00,6.00,1.33,1.00,3798800,0.49293,0.82381,1083.25
1.20891,2.00,6.00,1.33,1.00,3798800,0.49293,0.82381,1083.25
1.26059,2.00,6.00,1.33,1.00,3798800,0.49293,0.82381,1083.25
1.30653,2.00,6.00,1.33,1.00,3798800,0.49293,0.82381,1083.25
1.34788,2.00,6.00,1.33,1.00,3798800,0.49293,0.82381,1083.25
