
beta,macro_arrival,small_arrival,avg_idle_time,avg_setup_time,num_of_jobs,avg_resp_time,var_resp_time,avg_power
0.00000,2.00,9.00,0.22,1.00,3799383,0.83617,1.35216,1198.61
0.00000,2.00,9.00,0.22,1.00,3797720,0.72043,0.94073,1359.94
0.18598,2.00,9.00,0.22,1.00,3799822,0.86791,1.45513,1117.71
0.20523,2.00,9.00,0.22,1.00,3799713,0.86944,1.45773,1117.79
0.21755,2.00,9.00,0.22,1.00,3801234,0.87194,1.45543,1117.89
0.22617,2.00,9.00,0.22,1.00,3799477,0.86932,1.44623,1117.73
0.23359,2.00,9.00,0.22,1.00,3801730,0.86663,1.43979,1117.61
0.24022,2.00,9.00,0.22,1.00,3803213,0.87285,1.47100,1117.72
0.24501,2.00,9.00,0.22,1.00,3802368,0.87010,1.46447,1117.63
0.24955,2.00,9.00,0.22,1.00,3800531,0.86848,1.44550,1117.55
0.25377,2.00,9.00,0.22,1.00,3800631,0.86926,1.45026,1117.55
0.25748,2.00,9.00,0.22,1.00,3800647,0.86900,1.44303,1117.66
