beta,macro_arrival,small_arrival,avg_idle_time,avg_setup_time,num_of_jobs,avg_resp_time,var_resp_time,avg_power
0.00000,2.00,4.00,2.50,1.00,3800550,0.35428,0.56024,1074.28
0.00000,2.00,4.00,2.50,1.00,3802225,0.21114,0.19825,1193.11
0.69527,2.00,4.00,2.50,1.00,3797366,0.35863,0.57450,1061.62
0.96916,2.00,4.00,2.50,1.00,3797366,0.35863,0.57450,1061.62
1.15176,2.00,4.00,2.50,1.00,3797366,0.35863,0.57450,1061.62
1.28871,2.00,4.00,2.50,1.00,3797366,0.35863,0.57450,1061.62
1.39826,2.00,4.00,2.50,1.00,3797366,0.35863,0.57450,1061.62
1.48956,2.00,4.00,2.50,1.00,3797366,0.35863,0.57450,1061.62
1.56781,2.00,4.00,2.50,1.00,3797366,0.35863,0.57450,1061.62
1.63629,2.00,4.00,2.50,1.00,3797366,0.35863,0.57450,1061.62
1.69715,2.00,4.00,2.50,1.00,3797366,0.35863,0.57450,1061.62
1.75193,2.00,4.00,2.50,1.00,3797366,0.35863,0.57450,1061.62
