beta,macro_arrival,small_arrival,avg_idle_time,avg_setup_time,num_of_jobs,avg_resp_time,var_resp_time,avg_power
0.00000,2.00,4.00,0.25,1.00,3801422,0.79222,1.08885,1090.01
0.00000,2.00,4.00,0.25,1.00,3802047,0.60424,0.63626,1279.60
0.30217,2.00,4.00,0.25,1.00,3800172,0.80249,1.11112,1077.59
0.35413,2.00,4.00,0.25,1.00,3800172,0.80249,1.11112,1077.59
0.38876,2.00,4.00,0.25,1.00,3800172,0.80249,1.11112,1077.59
0.41474,2.00,4.00,0.25,1.00,3800172,0.80249,1.11112,1077.59
0.43553,2.00,4.00,0.25,1.00,3800172,0.80249,1.11112,1077.59
0.45285,2.00,4.00,0.25,1.00,3800172,0.80249,1.11112,1077.59
0.46769,2.00,4.00,0.25,1.00,3800172,0.80249,1.11112,1077.59
0.48068,2.00,4.00,0.25,1.00,3800172,0.80249,1.11112,1077.59
0.49223,2.00,4.00,0.25,1.00,3800172,0.80249,1.11112,1077.59
0.50262,2.00,4.00,0.25,1.00,3800172,0.80249,1.11112,1077.59
