beta,macro_arrival,small_arrival,avg_idle_time,avg_setup_time,num_of_jobs,avg_resp_time,var_resp_time,avg_power
0.00000,2.00,4.00,1.00,1.00,3798801,0.54952,0.84750,1080.95
0.00000,2.00,4.00,1.00,1.00,3800223,0.36539,0.38851,1250.37
0.54102,2.00,4.00,1.00,1.00,3798267,0.55521,0.85913,1068.75
0.71662,2.00,4.00,1.00,1.00,3798267,0.55521,0.85913,1068.75
0.83369,2.00,4.00,1.00,1.00,3798267,0.55521,0.85913,1068.75
0.92149,2.00,4.00,1.00,1.00,3798267,0.55521,0.85913,1068.75
0.99173,2.00,4.00,1.00,1.00,3798267,0.55521,0.85913,1068.75
1.05026,2.00,4.00,1.00,1.00,3798267,0.55521,0.85913,1068.75
1.10043,2.00,4.00,1.00,1.00,3798267,0.55521,0.85913,1068.75
1.14433,2.00,4.00,1.00,1.00,3798267,0.55521,0.85913,1068.75
1.18336,2.00,4.00,1.00,1.00,3798267,0.55521,0.85913,1068.75
1.21848,2.00,4.00,1.00,1.00,3798267,0.55521,0.85913,1068.75
