
beta,macro_arrival,small_arrival,avg_idle_time,avg_setup_time,num_of_jobs,avg_resp_time,var_resp_time,avg_power
0.00000,2.00,12.00,0.50,1.00,3800720,0.73224,1.37401,1246.56
0.00000,2.00,12.00,0.50,1.00,3799497,0.58448,0.84912,1356.77
0.32193,2.00,12.00,0.50,1.00,3801000,0.75200,1.45404,1123.23
0.39914,2.00,12.00,0.50,1.00,3801269,0.75687,1.49846,1122.90
0.44899,2.00,12.00,0.50,1.00,3799254,0.75334,1.47118,1122.72
0.48725,2.00,12.00,0.50,1.00,3799371,0.76232,1.50905,1122.87
0.51607,2.00,12.00,0.50,1.00,3798101,0.76013,1.51274,1122.81
0.54045,2.00,12.00,0.50,1.00,3798101,0.76013,1.51274,1122.81
0.56135,2.00,12.00,0.50,1.00,3798101,0.76013,1.51274,1122.81
0.57963,2.00,12.00,0.50,1.00,3798101,0.76013,1.51274,1122.81
0.59589,2.00,12.00,0.50,1.00,3798101,0.76013,1.51274,1122.81
0.61051,2.00,12.00,0.50,1.00,3798101,0.76013,1.51274,1122.81
