
beta,macro_arrival,small_arrival,avg_idle_time,avg_setup_time,num_of_jobs,avg_resp_time,var_resp_time,avg_power
0.00000,2.00,12.00,0.67,1.00,3799353,0.67357,1.29127,1243.22
0.00000,2.00,12.00,0.67,1.00,3796214,0.52933,0.77748,1347.92
0.37708,2.00,12.00,0.67,1.00,3797953,0.69102,1.33927,1120.24
0.48478,2.00,12.00,0.67,1.00,3798145,0.70021,1.41746,1120.47
0.55351,2.00,12.00,0.67,1.00,3797772,0.69855,1.40355,1120.56
0.60547,2.00,12.00,0.67,1.00,3797772,0.69855,1.40355,1120.56
0.64705,2.00,12.00,0.67,1.00,3797772,0.69855,1.40355,1120.56
0.68169,2.00,12.00,0.67,1.00,3797772,0.69855,1.40355,1120.56
0.71139,2.00,12.00,0.67,1.00,3797772,0.69855,1.40355,1120.56
0.73737,2.00,12.00,0.67,1.00,3797772,0.69855,1.40355,1120.56
0.76047,2.00,12.00,0.67,1.00,3797772,0.69855,1.40355,1120.56
0.78125,2.00,12.00,0.67,1.00,3797772,0.69855,1.40355,1120.56
