
beta,macro_arrival,small_arrival,avg_idle_time,avg_setup_time,num_of_jobs,avg_resp_time,var_resp_time,avg_power
0.00000,2.00,9.00,0.89,1.00,3801357,0.58276,1.02052,1185.80
0.00000,2.00,9.00,0.89,1.00,3800290,0.46812,0.64335,1330.76
0.43829,2.00,9.00,0.89,1.00,3801124,0.60304,1.08625,1105.02
0.58997,2.00,9.00,0.89,1.00,3801124,0.60304,1.08625,1105.02
0.69109,2.00,9.00,0.89,1.00,3801124,0.60304,1.08625,1105.02
0.76694,2.00,9.00,0.89,1.00,3801124,0.60304,1.08625,1105.02
0.82761,2.00,9.00,0.89,1.00,3801124,0.60304,1.08625,1105.02
0.87817,2.00,9.00,0.89,1.00,3801124,0.60304,1.08625,1105.02
0.92151,2.00,9.00,0.89,1.00,3801124,0.60304,1.08625,1105.02
0.95943,2.00,9.00,0.89,1.00,3801124,0.60304,1.08625,1105.02
0.99314,2.00,9.00,0.89,1.00,3801124,0.60304,1.08625,1105.02
1.02347,2.00,9.00,0.89,1.00,3801124,0.60304,1.08625,1105.02
