
beta,macro_arrival,small_arrival,avg_idle_time,avg_setup_time,num_of_jobs,avg_resp_time,var_resp_time,avg_power
0.00000,2.00,6.00,0.33,1.00,3797926,0.76665,1.15860,1136.80
0.00000,2.00,6.00,0.33,1.00,3798846,0.63284,0.74956,1331.62
0.27357,2.00,6.00,0.33,1.00,3798628,0.78336,1.18430,1097.20
0.33510,2.00,6.00,0.33,1.00,3798628,0.78336,1.18430,1097.20
0.37611,2.00,6.00,0.33,1.00,3798628,0.78336,1.18430,1097.20
0.40688,2.00,6.00,0.33,1.00,3798628,0.78336,1.18430,1097.20
0.43149,2.00,6.00,0.33,1.00,3798628,0.78336,1.18430,1097.20
0.45200,2.00,6.00,0.33,1.00,3798628,0.78336,1.18430,1097.20
0.46958,2.00,6.00,0.33,1.00,3798628,0.78336,1.18430,1097.20
0.48496,2.00,6.00,0.33,1.00,3798628,0.78336,1.18430,1097.20
0.49863,2.00,6.00,0.33,1.00,3798628,0.78336,1.18430,1097.20
0.51094,2.00,6.00,0.33,1.00,3798628,0.78336,1.18430,1097.20

beta,macro_arrival,small_arrival,avg_idle_time,avg_setup_time,num_of_jobs,avg_resp_time,var_resp_time,avg_power
0.00000,2.00,4.00,2.50,1.00,3800550,0.35428,0.56024,1074.28
0.00000,2.00,4.00,2.50,1.00,3802225,0.21114,0.19825,1193.11
0.69527,2.00,4.00,2.50,1.00,3797366,0.35863,0.57450,1061.62
0.96916,2.00,4.00,2.50,1.00,3797366,0.35863,0.57450,1061.62
1.15176,2.00,4.00,2.50,1.00,3797366,0.35863,0.57450,1061.62
1.28871,2.00,4.00,2.50,1.00,3797366,0.35863,0.57450,1061.62
1.39826,2.00,4.00,2.50,1.00,3797366,0.35863,0.57450,1061.62
1.48956,2.00,4.00,2.50,1.00,3797366,0.35863,0.57450,1061.62
1.56781,2.00,4.00,2.50,1.00,3797366,0.35863,0.57450,1061.62
1.63629,2.00,4.00,2.50,1.00,3797366,0.35863,0.57450,1061.62
1.69715,2.00,4.00,2.50,1.00,3797366,0.35863,0.57450,1061.62
1.75193,2.00,4.00,2.50,1.00,3797366,0.35863,0.57450,1061.62
