
beta,macro_arrival,small_arrival,avg_idle_time,avg_setup_time,num_of_jobs,avg_resp_time,var_resp_time,avg_power
0.00000,2.00,12.00,0.00,1.00,3797217,1.01531,1.75109,1257.34
0.00000,2.00,12.00,0.00,1.00,3800502,0.88894,1.21300,1380.79
0.01747,2.00,12.00,0.00,1.00,3799394,0.85569,1.17033,1371.25
0.04283,2.00,12.00,0.00,1.00,3798718,0.85800,1.18870,1301.42
0.05896,2.00,12.00,0.00,1.00,3799487,0.88943,1.24913,1249.67
0.06321,2.00,12.00,0.00,1.00,3800054,0.89327,1.26353,1241.00
0.06584,2.00,12.00,0.00,1.00,3798747,0.89999,1.27525,1234.57

beta,macro_arrival,small_arrival,avg_idle_time,avg_setup_time,num_of_jobs,avg_resp_time,var_resp_time,avg_power
0.00000,2.00,6.00,1.33,1.00,3799772,0.48175,0.78864,1122.82
0.00000,2.00,6.00,1.33,1.00,3796259,0.35612,0.42380,1284.41
0.55030,2.00,6.00,1.33,1.00,3798800,0.49293,0.82381,1083.25
0.75704,2.00,6.00,1.33,1.00,3798800,0.49293,0.82381,1083.25
0.89486,2.00,6.00,1.33,1.00,3798800,0.49293,0.82381,1083.25
0.99823,2.00,6.00,1.33,1.00,3798800,0.49293,0.82381,1083.25
1.08093,2.00,6.00,1.33,1.00,3798800,0.49293,0.82381,1083.25
1.14984,2.00,6.00,1.33,1.00,3798800,0.49293,0.82381,1083.25
1.20891,2.00,6.00,1.33,1.00,3798800,0.49293,0.82381,1083.25
1.26059,2.00,6.00,1.33,1.00,3798800,0.49293,0.82381,1083.25
1.30653,2.00,6.00,1.33,1.00,3798800,0.49293,0.82381,1083.25
1.34788,2.00,6.00,1.33,1.00,3798800,0.49293,0.82381,1083.25
