
beta,macro_arrival,small_arrival,avg_idle_time,avg_setup_time,num_of_jobs,avg_resp_time,var_resp_time,avg_power
0.00000,2.00,9.00,0.11,1.00,3798349,0.90084,1.41104,1201.58
0.00000,2.00,9.00,0.11,1.00,3799425,0.79339,1.00293,1365.74
0.11302,2.00,9.00,0.11,1.00,3799603,0.93518,1.47157,1125.21
0.09863,2.00,9.00,0.11,1.00,3798467,0.91970,1.40456,1128.75
0.09420,2.00,9.00,0.11,1.00,3797804,0.91169,1.38046,1131.12

beta,macro_arrival,small_arrival,avg_idle_time,avg_setup_time,num_of_jobs,avg_resp_time,var_resp_time,avg_power
0.00000,2.00,6.00,0.33,1.00,3797926,0.76665,1.15860,1136.80
0.00000,2.00,6.00,0.33,1.00,3800983,0.63407,0.75757,1331.68
0.27234,2.00,6.00,0.33,1.00,3799341,0.78135,1.18113,1097.09
0.33487,2.00,6.00,0.33,1.00,3799341,0.78135,1.18113,1097.09
0.37655,2.00,6.00,0.33,1.00,3799341,0.78135,1.18113,1097.09
0.40782,2.00,6.00,0.33,1.00,3799341,0.78135,1.18113,1097.09
0.43283,2.00,6.00,0.33,1.00,3799341,0.78135,1.18113,1097.09
0.45367,2.00,6.00,0.33,1.00,3799341,0.78135,1.18113,1097.09
0.47154,2.00,6.00,0.33,1.00,3799341,0.78135,1.18113,1097.09
0.48717,2.00,6.00,0.33,1.00,3799341,0.78135,1.18113,1097.09
0.50107,2.00,6.00,0.33,1.00,3799341,0.78135,1.18113,1097.09
0.51357,2.00,6.00,0.33,1.00,3799341,0.78135,1.18113,1097.09
