
beta,macro_arrival,small_arrival,avg_idle_time,avg_setup_time,num_of_jobs,avg_resp_time,var_resp_time,avg_power
0.00000,2.00,4.00,0.50,1.00,3798268,0.68823,1.00632,1085.90
0.00000,2.00,4.00,0.50,1.00,3799663,0.50509,0.53936,1273.46
0.40132,2.00,4.00,0.50,1.00,3798179,0.69347,1.00673,1073.67
0.50779,2.00,4.00,0.50,1.00,3798179,0.69347,1.00673,1073.67
0.57878,2.00,4.00,0.50,1.00,3798179,0.69347,1.00673,1073.67
0.63201,2.00,4.00,0.50,1.00,3798179,0.69347,1.00673,1073.67
0.67460,2.00,4.00,0.50,1.00,3798179,0.69347,1.00673,1073.67
0.71009,2.00,4.00,0.50,1.00,3798179,0.69347,1.00673,1073.67
0.74051,2.00,4.00,0.50,1.00,3798179,0.69347,1.00673,1073.67
0.76713,2.00,4.00,0.50,1.00,3798179,0.69347,1.00673,1073.67
0.79079,2.00,4.00,0.50,1.00,3798179,0.69347,1.00673,1073.67
0.81208,2.00,4.00,0.50,1.00,3798179,0.69347,1.00673,1073.67
