
beta,macro_arrival,small_arrival,avg_idle_time,avg_setup_time,num_of_jobs,avg_resp_time,var_resp_time,avg_power
0.00000,2.00,6.00,0.17,1.00,3801295,0.85236,1.24092,1140.72
0.00000,2.00,6.00,0.17,1.00,3798434,0.72583,0.84128,1339.64
0.18058,2.00,6.00,0.17,1.00,3798410,0.87226,1.26043,1101.47
0.19766,2.00,6.00,0.17,1.00,3800297,0.87729,1.27976,1101.83
0.20736,2.00,6.00,0.17,1.00,3800297,0.87729,1.27976,1101.83
0.21465,2.00,6.00,0.17,1.00,3800297,0.87729,1.27976,1101.83
0.22047,2.00,6.00,0.17,1.00,3800297,0.87729,1.27976,1101.83
0.22532,2.00,6.00,0.17,1.00,3800297,0.87729,1.27976,1101.83
0.22948,2.00,6.00,0.17,1.00,3800297,0.87729,1.27976,1101.83
0.23312,2.00,6.00,0.17,1.00,3800297,0.87729,1.27976,1101.83
0.23636,2.00,6.00,0.17,1.00,3800297,0.87729,1.27976,1101.83
0.23927,2.00,6.00,0.17,1.00,3800297,0.87729,1.27976,1101.83
