
beta,macro_arrival,small_arrival,avg_idle_time,avg_setup_time,num_of_jobs,avg_resp_time,var_resp_time,avg_power
0.00000,2.00,9.00,0.22,1.00,3799383,0.83617,1.35216,1198.61
0.00000,2.00,9.00,0.22,1.00,3799156,0.72117,0.94266,1359.83
0.18525,2.00,9.00,0.22,1.00,3800696,0.86891,1.44497,1117.66
0.20400,2.00,9.00,0.22,1.00,3799276,0.86803,1.44312,1117.68
0.21679,2.00,9.00,0.22,1.00,3800076,0.86569,1.43129,1117.66
0.22697,2.00,9.00,0.22,1.00,3800682,0.86347,1.42988,1117.40
0.23556,2.00,9.00,0.22,1.00,3799022,0.87080,1.45019,1117.45
0.24149,2.00,9.00,0.22,1.00,3798661,0.87124,1.45060,1117.63
0.24652,2.00,9.00,0.22,1.00,3798232,0.87197,1.46062,1117.55
0.25082,2.00,9.00,0.22,1.00,3801773,0.87081,1.45506,1117.49
0.25478,2.00,9.00,0.22,1.00,3799533,0.87484,1.46492,1117.68
0.25794,2.00,9.00,0.22,1.00,3799330,0.86979,1.45024,1117.47
