
beta,macro_arrival,small_arrival,avg_idle_time,avg_setup_time,num_of_jobs,avg_resp_time,var_resp_time,avg_power
0.00000,2.00,4.00,0.25,1.00,3801422,0.79222,1.08885,1090.01
0.00000,2.00,4.00,0.25,1.00,3800478,0.60469,0.63742,1279.63
0.30173,2.00,4.00,0.25,1.00,3800796,0.79955,1.10251,1077.67
0.35516,2.00,4.00,0.25,1.00,3800796,0.79955,1.10251,1077.67
0.39078,2.00,4.00,0.25,1.00,3800796,0.79955,1.10251,1077.67
0.41750,2.00,4.00,0.25,1.00,3800796,0.79955,1.10251,1077.67
0.43887,2.00,4.00,0.25,1.00,3800796,0.79955,1.10251,1077.67
0.45668,2.00,4.00,0.25,1.00,3800796,0.79955,1.10251,1077.67
0.47195,2.00,4.00,0.25,1.00,3800796,0.79955,1.10251,1077.67
0.48531,2.00,4.00,0.25,1.00,3800796,0.79955,1.10251,1077.67
0.49718,2.00,4.00,0.25,1.00,3800796,0.79955,1.10251,1077.67
0.50787,2.00,4.00,0.25,1.00,3800796,0.79955,1.10251,1077.67
