
beta,macro_arrival,small_arrival,avg_idle_time,avg_setup_time,num_of_jobs,avg_resp_time,var_resp_time,avg_power
0.00000,2.00,6.00,0.00,1.00,3798152,0.95961,1.30282,1145.87
0.00000,2.00,6.00,0.00,1.00,3796700,0.84657,0.93756,1345.01
0.05984,2.00,6.00,0.00,1.00,3796274,0.97105,1.27904,1114.67
0.02752,2.00,6.00,0.00,1.00,3799056,0.80348,0.99116,1245.67
0.06183,2.00,6.00,0.00,1.00,3797622,0.97205,1.28197,1113.73
0.04542,2.00,6.00,0.00,1.00,3797716,0.92897,1.18173,1138.06
0.04091,2.00,6.00,0.00,1.00,3798629,0.90569,1.14407,1155.67

beta,macro_arrival,small_arrival,avg_idle_time,avg_setup_time,num_of_jobs,avg_resp_time,var_resp_time,avg_power
0.00000,2.00,4.00,1.50,1.00,3802430,0.45857,0.72245,1078.18
0.00000,2.00,4.00,1.50,1.00,3802955,0.29673,0.30155,1229.48
0.60968,2.00,4.00,1.50,1.00,3801684,0.46607,0.74365,1065.65
0.82985,2.00,4.00,1.50,1.00,3801684,0.46607,0.74365,1065.65
0.97663,2.00,4.00,1.50,1.00,3801684,0.46607,0.74365,1065.65
1.08671,2.00,4.00,1.50,1.00,3801684,0.46607,0.74365,1065.65
1.17478,2.00,4.00,1.50,1.00,3801684,0.46607,0.74365,1065.65
1.24817,2.00,4.00,1.50,1.00,3801684,0.46607,0.74365,1065.65
1.31108,2.00,4.00,1.50,1.00,3801684,0.46607,0.74365,1065.65
1.36612,2.00,4.00,1.50,1.00,3801684,0.46607,0.74365,1065.65
1.41504,2.00,4.00,1.50,1.00,3801684,0.46607,0.74365,1065.65
1.45908,2.00,4.00,1.50,1.00,3801684,0.46607,0.74365,1065.65
