
beta,macro_arrival,small_arrival,avg_idle_time,avg_setup_time,num_of_jobs,avg_resp_time,var_resp_time,avg_power
0.00000,2.00,6.00,1.67,1.00,3800849,0.43633,0.72628,1120.47
0.00000,2.00,6.00,1.67,1.00,3799020,0.31221,0.36105,1269.56
0.59420,2.00,6.00,1.67,1.00,3797790,0.44560,0.75595,1080.98
0.82461,2.00,6.00,1.67,1.00,3797790,0.44560,0.75595,1080.98
0.97821,2.00,6.00,1.67,1.00,3797790,0.44560,0.75595,1080.98
1.09342,2.00,6.00,1.67,1.00,3797790,0.44560,0.75595,1080.98
1.18558,2.00,6.00,1.67,1.00,3797790,0.44560,0.75595,1080.98
1.26238,2.00,6.00,1.67,1.00,3797790,0.44560,0.75595,1080.98
1.32821,2.00,6.00,1.67,1.00,3797790,0.44560,0.75595,1080.98
1.38582,2.00,6.00,1.67,1.00,3797790,0.44560,0.75595,1080.98
1.43702,2.00,6.00,1.67,1.00,3797790,0.44560,0.75595,1080.98
1.48310,2.00,6.00,1.67,1.00,3797790,0.44560,0.75595,1080.98

beta,macro_arrival,small_arrival,avg_idle_time,avg_setup_time,num_of_jobs,avg_resp_time,var_resp_time,avg_power
0.00000,2.00,6.00,0.00,1.00,3798152,0.95961,1.30282,1145.87
0.00000,2.00,6.00,0.00,1.00,3799632,0.84332,0.92950,1345.08
0.06309,2.00,6.00,0.00,1.00,3799342,0.97486,1.28789,1112.94
0.02887,2.00,6.00,0.00,1.00,3797105,0.81991,1.01497,1231.03
0.05770,2.00,6.00,0.00,1.00,3799406,0.96468,1.26070,1117.74
0.04313,2.00,6.00,0.00,1.00,3800473,0.91908,1.16360,1142.93
0.04060,2.00,6.00,0.00,1.00,3800253,0.90261,1.13063,1154.95
