
=======================
2017-11-02 00:23:15
Macro cell arrival rate: 2.0
Macro cell idle power: 0.7 * busy power
Small cell arrival rate: 12.0
Small cell setup time  : 1.0
Small cell idle timer  : 0.0

----------------------
Macro_Small	Macro_Small	Macro_Small	Macro_Small	Macro_Small

=======================
2017-11-02 00:23:24
Macro cell arrival rate: 2.0
Macro cell idle power: 0.7 * busy power
Small cell arrival rate: 9.0
Small cell setup time  : 1.0
Small cell idle timer  : 0.22

----------------------
Macro_Small	Macro_Small	Macro_Small	Macro_Small	Macro_Small

=======================
2017-11-02 00:23:24
Macro cell arrival rate: 2.0
Macro cell idle power: 0.7 * busy power
Small cell arrival rate: 12.0
Small cell setup time  : 1.0
Small cell idle timer  : 0.17

----------------------
Macro_Small	Macro_Small	Macro_Small	Macro_Small	Macro_Small

=======================
2017-11-02 00:23:27
Macro cell arrival rate: 2.0
Macro cell idle power: 0.7 * busy power
Small cell arrival rate: 9.0
Small cell setup time  : 1.0
Small cell idle timer  : 1.11

----------------------
Macro_Small	Macro_Small	Macro_Small	Macro_Small	Macro_Small

=======================
2017-11-02 00:23:29
Macro cell arrival rate: 2.0
Macro cell idle power: 0.7 * busy power
Small cell arrival rate: 12.0
Small cell setup time  : 1.0
Small cell idle timer  : 0.08

----------------------
Macro_Small	Macro_Small	Macro_Small	Macro_Small	Macro_Small

=======================
2017-11-02 00:23:35
Macro cell arrival rate: 2.0
Macro cell idle power: 0.7 * busy power
Small cell arrival rate: 12.0
Small cell setup time  : 1.0
Small cell idle timer  : 0.83

----------------------
Macro_Small	Macro_Small	Macro_Small	Macro_Small	Macro_Small
[210259, 0]	[49074, 898590]	[49219, 898625]	[48961, 899554]	[49244, 897386]
[210852, 0]	[49384, 897988]	[49477, 898317]	[48995, 897027]	[49146, 898452]
[159598, 0]	[56151, 902954]	[56146, 903540]	[56565, 904928]	[56138, 902649]
[160620, 0]	[56009, 904218]	[56337, 902667]	[56111, 904658]	[55942, 902118]
[160335, 0]	[55914, 903898]	[56240, 905065]	[56553, 902716]	[56193, 903186]
[159571, 0]	[56479, 902383]	[55870, 904091]	[56247, 903265]	[56053, 903477]
[210211, 0]	[141959, 805673]	[142150, 805539]	[140460, 807033]	[140418, 806025]
[211292, 0]	[157533, 789936]	[157073, 789837]	[157418, 788468]	[157849, 789642]
[160073, 0]	[105238, 854940]	[105552, 853743]	[104427, 854337]	[106775, 853800]
[160188, 0]	[114543, 847501]	[116062, 843706]	[113836, 846617]	[115346, 845705]
[159458, 0]	[116013, 843585]	[114861, 845052]	[116229, 842781]	[115362, 843682]
[159589, 0]	[115107, 845802]	[117545, 842612]	[117083, 841838]	[116412, 844727]
[210990, 0]	[0, 946448]	[0, 948649]	[0, 946838]	[0, 946611]
[210844, 0]	[121, 946483]	[42, 948452]	[51, 948492]	[38, 946358]
[160786, 0]	[0, 959282]	[5, 960351]	[0, 959767]	[0, 958477]
[160475, 0]	[6529, 952200]	[5713, 955558]	[6479, 952948]	[6361, 955119]
[159847, 0]	[27294, 932203]	[25787, 932996]	[25215, 934537]	[26145, 931398]
[210990, 0]	[0, 946448]	[0, 948649]	[0, 946838]	[0, 946611]
[159786, 0]	[110384, 849823]	[110469, 849813]	[112257, 848079]	[111126, 847891]
[209868, 0]	[36, 947064]	[19, 948133]	[30, 946139]	[52, 947936]
[160272, 0]	[0, 958922]	[0, 960668]	[0, 958882]	[0, 958569]
[210990, 0]	[0, 946448]	[0, 948649]	[0, 946838]	[0, 946611]
[160035, 0]	[20632, 938750]	[19755, 939285]	[20642, 937836]	[20172, 936638]
[159416, 0]	[75604, 884203]	[77308, 882728]	[77369, 882878]	[77537, 882014]
[210768, 0]	[14, 947330]	[22, 947424]	[0, 946797]	[24, 947306]
[160272, 0]	[0, 958922]	[0, 960668]	[0, 958882]	[0, 958569]
[210990, 0]	[0, 946448]	[0, 948649]	[0, 946838]	[0, 946611]
[210248, 0]	[2, 946856]	[0, 948099]	[12, 947900]	[0, 947634]
[159912, 0]	[52070, 905607]	[53180, 906926]	[54189, 907238]	[52194, 908261]
[210990, 0]	[0, 946448]	[0, 948649]	[0, 946838]	[0, 946611]
[160272, 0]	[0, 958922]	[0, 960668]	[0, 958882]	[0, 958569]
[210278, 0]	[6, 946794]	[0, 947122]	[0, 946927]	[4, 947814]
[159332, 0]	[50294, 910125]	[48101, 912924]	[48918, 910292]	[48747, 911418]
[210990, 0]	[0, 946448]	[0, 948649]	[0, 946838]	[0, 946611]
[160272, 0]	[0, 958922]	[0, 960668]	[0, 958882]	[0, 958569]
[210777, 0]	[2, 947142]	[0, 948057]	[0, 946956]	[0, 945660]
[210990, 0]	[0, 946448]	[0, 948649]	[0, 946838]	[0, 946611]
[160418, 0]	[46327, 913601]	[46171, 913027]	[45047, 914741]	[45775, 913864]
[160272, 0]	[0, 958922]	[0, 960668]	[0, 958882]	[0, 958569]
[209868, 0]	[0, 947831]	[14, 947191]	[35, 946359]	[0, 946877]
[210990, 0]	[0, 946448]	[0, 948649]	[0, 946838]	[0, 946611]
[160272, 0]	[0, 958922]	[0, 960668]	[0, 958882]	[0, 958569]
[210301, 0]	[0, 947924]	[12, 948841]	[0, 946702]	[0, 947912]
[210990, 0]	[0, 946448]	[0, 948649]	[0, 946838]	[0, 946611]
[160272, 0]	[0, 958922]	[0, 960668]	[0, 958882]	[0, 958569]
[210188, 0]	[0, 948088]	[10, 947706]	[3, 947066]	[0, 946400]
[210990, 0]	[0, 946448]	[0, 948649]	[0, 946838]	[0, 946611]
[210245, 0]	[0, 949058]	[9, 946175]	[0, 946943]	[0, 946867]
[160272, 0]	[0, 958922]	[0, 960668]	[0, 958882]	[0, 958569]
[160272, 0]	[0, 958922]	[0, 960668]	[0, 958882]	[0, 958569]
