
beta,macro_arrival,small_arrival,avg_idle_time,avg_setup_time,num_of_jobs,avg_resp_time,var_resp_time,avg_power
0.00000,2.00,12.00,0.08,1.00,3799433,0.95392,1.68850,1255.47
0.00000,2.00,12.00,0.08,1.00,3797198,0.81920,1.14864,1376.80
0.08721,2.00,12.00,0.08,1.00,3795688,0.88612,1.36620,1188.93
0.09736,2.00,12.00,0.08,1.00,3793794,0.89925,1.39198,1176.35

beta,macro_arrival,small_arrival,avg_idle_time,avg_setup_time,num_of_jobs,avg_resp_time,var_resp_time,avg_power
0.00000,2.00,6.00,1.67,1.00,3800849,0.43633,0.72628,1120.47
0.00000,2.00,6.00,1.67,1.00,3799413,0.31124,0.35749,1269.55
0.59517,2.00,6.00,1.67,1.00,3799629,0.44747,0.76687,1081.16
0.82464,2.00,6.00,1.67,1.00,3799629,0.44747,0.76687,1081.16
0.97762,2.00,6.00,1.67,1.00,3799629,0.44747,0.76687,1081.16
1.09236,2.00,6.00,1.67,1.00,3799629,0.44747,0.76687,1081.16
1.18414,2.00,6.00,1.67,1.00,3799629,0.44747,0.76687,1081.16
1.26063,2.00,6.00,1.67,1.00,3799629,0.44747,0.76687,1081.16
1.32620,2.00,6.00,1.67,1.00,3799629,0.44747,0.76687,1081.16
1.38356,2.00,6.00,1.67,1.00,3799629,0.44747,0.76687,1081.16
1.43456,2.00,6.00,1.67,1.00,3799629,0.44747,0.76687,1081.16
1.48045,2.00,6.00,1.67,1.00,3799629,0.44747,0.76687,1081.16
