
beta,macro_arrival,small_arrival,avg_idle_time,avg_setup_time,num_of_jobs,avg_resp_time,var_resp_time,avg_power
0.00000,2.00,9.00,0.67,1.00,3797984,0.65114,1.13123,1189.17
0.00000,2.00,9.00,0.67,1.00,3798678,0.52887,0.72379,1340.30
0.37755,2.00,9.00,0.67,1.00,3797127,0.66896,1.19667,1108.27
0.49627,2.00,9.00,0.67,1.00,3797127,0.66896,1.19667,1108.27
0.57542,2.00,9.00,0.67,1.00,3797127,0.66896,1.19667,1108.27
0.63478,2.00,9.00,0.67,1.00,3797127,0.66896,1.19667,1108.27
0.68227,2.00,9.00,0.67,1.00,3797127,0.66896,1.19667,1108.27
0.72184,2.00,9.00,0.67,1.00,3797127,0.66896,1.19667,1108.27
0.75576,2.00,9.00,0.67,1.00,3797127,0.66896,1.19667,1108.27
0.78545,2.00,9.00,0.67,1.00,3797127,0.66896,1.19667,1108.27
0.81183,2.00,9.00,0.67,1.00,3797127,0.66896,1.19667,1108.27
0.83557,2.00,9.00,0.67,1.00,3797127,0.66896,1.19667,1108.27
