
beta,macro_arrival,small_arrival,avg_idle_time,avg_setup_time,num_of_jobs,avg_resp_time,var_resp_time,avg_power
0.00000,2.00,12.00,0.83,1.00,3798819,0.62058,1.17662,1240.85
0.00000,2.00,12.00,0.83,1.00,3798915,0.47854,0.69162,1339.79
0.42787,2.00,12.00,0.83,1.00,3799568,0.64326,1.29310,1118.60
0.55945,2.00,12.00,0.83,1.00,3798192,0.64519,1.29735,1118.39
0.64652,2.00,12.00,0.83,1.00,3798192,0.64519,1.29735,1118.39
0.71183,2.00,12.00,0.83,1.00,3798192,0.64519,1.29735,1118.39
0.76407,2.00,12.00,0.83,1.00,3798192,0.64519,1.29735,1118.39
0.80761,2.00,12.00,0.83,1.00,3798192,0.64519,1.29735,1118.39
0.84493,2.00,12.00,0.83,1.00,3798192,0.64519,1.29735,1118.39
0.87758,2.00,12.00,0.83,1.00,3798192,0.64519,1.29735,1118.39
0.90661,2.00,12.00,0.83,1.00,3798192,0.64519,1.29735,1118.39
0.93273,2.00,12.00,0.83,1.00,3798192,0.64519,1.29735,1118.39
