
beta,macro_arrival,small_arrival,avg_idle_time,avg_setup_time,num_of_jobs,avg_resp_time,var_resp_time,avg_power
0.00000,2.00,4.00,2.50,1.00,3800550,0.35428,0.56024,1074.28
0.00000,2.00,4.00,2.50,1.00,3802010,0.21087,0.19782,1193.02
0.69554,2.00,4.00,2.50,1.00,3800698,0.35608,0.57317,1061.50
0.97071,2.00,4.00,2.50,1.00,3800698,0.35608,0.57317,1061.50
1.15415,2.00,4.00,2.50,1.00,3800698,0.35608,0.57317,1061.50
1.29174,2.00,4.00,2.50,1.00,3800698,0.35608,0.57317,1061.50
1.40180,2.00,4.00,2.50,1.00,3800698,0.35608,0.57317,1061.50
1.49352,2.00,4.00,2.50,1.00,3800698,0.35608,0.57317,1061.50
1.57214,2.00,4.00,2.50,1.00,3800698,0.35608,0.57317,1061.50
1.64093,2.00,4.00,2.50,1.00,3800698,0.35608,0.57317,1061.50
1.70208,2.00,4.00,2.50,1.00,3800698,0.35608,0.57317,1061.50
1.75711,2.00,4.00,2.50,1.00,3800698,0.35608,0.57317,1061.50
