
beta,macro_arrival,small_arrival,avg_idle_time,avg_setup_time,num_of_jobs,avg_resp_time,var_resp_time,avg_power
0.00000,2.00,12.00,0.17,1.00,3798883,0.89647,1.61404,1252.29
0.00000,2.00,12.00,0.17,1.00,3803860,0.76484,1.08051,1373.10
0.14157,2.00,12.00,0.17,1.00,3801859,0.89789,1.54272,1143.48

beta,macro_arrival,small_arrival,avg_idle_time,avg_setup_time,num_of_jobs,avg_resp_time,var_resp_time,avg_power
0.00000,2.00,9.00,0.00,1.00,3797684,0.98336,1.48023,1205.39
0.00000,2.00,9.00,0.00,1.00,3799456,0.88213,1.08883,1371.24
0.02429,2.00,9.00,0.00,1.00,3797609,0.81674,1.03181,1334.67
0.06912,2.00,9.00,0.00,1.00,3798989,0.96033,1.33298,1159.28
0.05115,2.00,9.00,0.00,1.00,3801856,0.90756,1.22266,1201.68
