
beta,macro_arrival,small_arrival,avg_idle_time,avg_setup_time,num_of_jobs,avg_resp_time,var_resp_time,avg_power
0.00000,2.00,9.00,1.11,1.00,3800688,0.53306,0.93477,1183.12
0.00000,2.00,9.00,1.11,1.00,3799883,0.41300,0.55895,1319.48
0.49341,2.00,9.00,1.11,1.00,3799588,0.55082,1.01044,1102.73
0.67121,2.00,9.00,1.11,1.00,3799588,0.55082,1.01044,1102.73
0.78974,2.00,9.00,1.11,1.00,3799588,0.55082,1.01044,1102.73
0.87863,2.00,9.00,1.11,1.00,3799588,0.55082,1.01044,1102.73
0.94975,2.00,9.00,1.11,1.00,3799588,0.55082,1.01044,1102.73
1.00902,2.00,9.00,1.11,1.00,3799588,0.55082,1.01044,1102.73
1.05982,2.00,9.00,1.11,1.00,3799588,0.55082,1.01044,1102.73
1.10427,2.00,9.00,1.11,1.00,3799588,0.55082,1.01044,1102.73
1.14378,2.00,9.00,1.11,1.00,3799588,0.55082,1.01044,1102.73
1.17933,2.00,9.00,1.11,1.00,3799588,0.55082,1.01044,1102.73

beta,macro_arrival,small_arrival,avg_idle_time,avg_setup_time,num_of_jobs,avg_resp_time,var_resp_time,avg_power
0.00000,2.00,6.00,1.00,1.00,3795892,0.54818,0.88277,1125.62
0.00000,2.00,6.00,1.00,1.00,3800186,0.41534,0.50637,1300.11
0.49108,2.00,6.00,1.00,1.00,3799685,0.56054,0.91707,1086.71
0.66401,2.00,6.00,1.00,1.00,3799685,0.56054,0.91707,1086.71
0.77930,2.00,6.00,1.00,1.00,3799685,0.56054,0.91707,1086.71
0.86577,2.00,6.00,1.00,1.00,3799685,0.56054,0.91707,1086.71
0.93494,2.00,6.00,1.00,1.00,3799685,0.56054,0.91707,1086.71
0.99258,2.00,6.00,1.00,1.00,3799685,0.56054,0.91707,1086.71
1.04199,2.00,6.00,1.00,1.00,3799685,0.56054,0.91707,1086.71
1.08523,2.00,6.00,1.00,1.00,3799685,0.56054,0.91707,1086.71
1.12366,2.00,6.00,1.00,1.00,3799685,0.56054,0.91707,1086.71
1.15824,2.00,6.00,1.00,1.00,3799685,0.56054,0.91707,1086.71
