2 1 0.05 0.0
2 1 0.05 0.125
2 1 0.05 0.25
2 1 0.05 0.5
2 1 0.05 1.0
2 1 0.05 2.0
2 1 0.05 4.0
2 1 0.05 8.0
2 1 0.05 128.0
2 1 0.05 512.0
2 1 0.05 1024.0
2 4 0.05 0.0
2 4 0.05 0.03125
2 4 0.05 0.0625
2 4 0.05 0.125
2 4 0.05 0.25
2 4 0.05 0.5
2 4 0.05 1.0
2 4 0.05 2.0
2 4 0.05 32.0
2 4 0.05 128.0
2 4 0.05 256.0
2 6 0.05 0.0
2 6 0.05 0.020833333333333332
2 6 0.05 0.041666666666666664
2 6 0.05 0.08333333333333333
2 6 0.05 0.16666666666666666
2 6 0.05 0.3333333333333333
2 6 0.05 0.6666666666666666
2 6 0.05 1.3333333333333333
2 6 0.05 21.333333333333332
2 6 0.05 85.33333333333333
2 6 0.05 170.66666666666666
2 9 0.05 0.0
2 9 0.05 0.013888888888888888
2 9 0.05 0.027777777777777776
2 9 0.05 0.05555555555555555
2 9 0.05 0.1111111111111111
2 9 0.05 0.2222222222222222
2 9 0.05 0.4444444444444444
2 9 0.05 0.8888888888888888
2 9 0.05 14.222222222222221
2 9 0.05 56.888888888888886
2 9 0.05 113.77777777777777
