2 1 1.0 0.0
2 1 1.0 0.125
2 1 1.0 0.25
2 1 1.0 0.5
2 1 1.0 1.0
2 1 1.0 2.0
2 1 1.0 4.0
2 1 1.0 8.0
2 1 1.0 128.0
2 1 1.0 512.0
2 1 1.0 1024.0
2 4 1.0 0.0
2 4 1.0 0.03125
2 4 1.0 0.0625
2 4 1.0 0.125
2 4 1.0 0.25
2 4 1.0 0.5
2 4 1.0 1.0
2 4 1.0 2.0
2 4 1.0 32.0
2 4 1.0 128.0
2 4 1.0 256.0
2 6 1.0 0.0
2 6 1.0 0.020833333333333332
2 6 1.0 0.041666666666666664
2 6 1.0 0.08333333333333333
2 6 1.0 0.16666666666666666
2 6 1.0 0.3333333333333333
2 6 1.0 0.6666666666666666
2 6 1.0 1.3333333333333333
2 6 1.0 21.333333333333332
2 6 1.0 85.33333333333333
2 6 1.0 170.66666666666666
2 9 1.0 0.0
2 9 1.0 0.013888888888888888
2 9 1.0 0.027777777777777776
2 9 1.0 0.05555555555555555
2 9 1.0 0.1111111111111111
2 9 1.0 0.2222222222222222
2 9 1.0 0.4444444444444444
2 9 1.0 0.8888888888888888
2 9 1.0 14.222222222222221
2 9 1.0 56.888888888888886
2 9 1.0 113.77777777777777
